Athletic Club - PCA eredmények

Magyarázott variancia arányok:
[0.59726896 0.25664177 0.06296021 0.02171854]
Összegzett variancia arány: 0.9385894824371395

Főkomponens 1 (PC1):
  goal_count: 0.3919799283592981
  xG: 0.34586743279633375
  assists: 0.32403490564007187
  on_target: 0.3091591912869797
  penalites_won: 0.27776385743823423
  shot_count: 0.24882116619196476
  xA: 0.21888556364094847
  fouls_suffered_count: 0.21219176829452407
  dispossessed_count: 0.19647704126328086
  key_passes: 0.1779605775825384
  foul_committed_count: 0.1759301399161542
  dribble_count: 0.16824309016217337
  duel_count: 0.1610310035514661
  successful_tackles: 0.14925560446302255
  successfull_dribbles: 0.13230427429380978
  pressure_count: 0.13165104413681078
  won_duels: 0.13114729756271798
  tackle_count: 0.12049191256680211
  block_count: 0.11201229672328916
  interception_count: 0.10394185088949252
  ball_recovery_count: 0.0904709283114644
  pass_count: 0.08155314880870386
  long_carries: 0.07575896071032164
  successfull_pass_count: 0.07313264811593383
  clearance_count: 0.02410784023749632

Főkomponens 2 (PC2):
  interception_count: 0.40712727055960723
  goal_count: -0.38286805103480465
  xG: -0.3463665334316724
  successful_tackles: 0.2729006842194587
  tackle_count: 0.26119062290545314
  on_target: -0.25410022370402674
  won_duels: 0.24618817231257503
  successfull_pass_count: 0.20115609417281205
  block_count: 0.1984755249758991
  pass_count: 0.1935922336984782
  pressure_count: 0.1734579904451112
  clearance_count: 0.1679079512994626
  ball_recovery_count: 0.1653778145571136
  long_carries: 0.13170234837048267
  key_passes: 0.12570537382412464
  foul_committed_count: 0.11437365903494044
  shot_count: -0.11419811119167932
  duel_count: 0.10430712019376324
  assists: 0.10204622221320397
  successfull_dribbles: 0.07550782763767408
  dribble_count: 0.0678369418761427
  xA: 0.06073098500578885
  dispossessed_count: -0.03621717558779128
  fouls_suffered_count: 0.031186764485332964
  penalites_won: -0.0038511407482491734

Főkomponens 3 (PC3):
  clearance_count: 0.4569776482006868
  assists: -0.38328257542705485
  key_passes: -0.3331152619725988
  xA: -0.32295141304909436
  interception_count: 0.30862218778464134
  xG: 0.2669185002329995
  dribble_count: -0.22672552311690305
  goal_count: 0.18438107625454014
  successfull_dribbles: -0.16614853541170424
  penalites_won: 0.1572685218002096
  foul_committed_count: 0.13842412604556786
  dispossessed_count: -0.1374605286365587
  duel_count: 0.1366542274684185
  fouls_suffered_count: -0.11589585272557786
  successfull_pass_count: 0.11331863448049807
  block_count: 0.11192222635530831
  pass_count: 0.09795032610747777
  on_target: 0.07023036898505527
  tackle_count: 0.06138490492250045
  won_duels: 0.054929349546796936
  long_carries: 0.05276195933810943
  shot_count: 0.04455496318963807
  pressure_count: -0.041995914579363997
  successful_tackles: -0.03259565901993561
  ball_recovery_count: -0.01822693484350023

Főkomponens 4 (PC4):
  penalites_won: 0.34849500280849005
  dribble_count: -0.3348161776982761
  foul_committed_count: 0.30241075879517015
  long_carries: -0.2936201013799968
  successfull_dribbles: -0.2730092334598265
  assists: 0.27298704127813994
  ball_recovery_count: -0.25930319138010954
  shot_count: 0.21726011637130213
  successfull_pass_count: -0.2082379405068048
  pass_count: -0.20708358807555208
  key_passes: -0.19866705122665548
  fouls_suffered_count: 0.19639145260721347
  goal_count: -0.18834885677019556
  xG: -0.17365545191268583
  won_duels: 0.16627417662649785
  interception_count: -0.12324938697445839
  duel_count: 0.12200533261135854
  successful_tackles: 0.09749110228120801
  pressure_count: 0.09732595438744408
  on_target: -0.08901240197985533
  clearance_count: -0.05469024093552722
  xA: -0.054587646808967084
  block_count: -0.04619083014701419
  dispossessed_count: -0.04211964618779194
  tackle_count: 0.029504747637474384

