Atlético Madrid - PCA eredmények

Magyarázott variancia arányok:
[0.58552374 0.21248506 0.09426021 0.05309092]
Összegzett variancia arány: 0.9453599277619417

Főkomponens 1 (PC1):
  goal_count: 0.36872612665078036
  assists: 0.32462993380315786
  xA: 0.29788043399300745
  xG: 0.26635287761334275
  on_target: 0.24497063069704228
  key_passes: 0.24049777706088898
  dribble_count: 0.22811812443588478
  successfull_dribbles: 0.21849290098218335
  shot_count: 0.2040155170829489
  dispossessed_count: 0.17477902259187997
  won_duels: 0.17334234131533016
  duel_count: 0.16593360542936803
  tackle_count: 0.1650586448241935
  interception_count: 0.16302754158083316
  pressure_count: 0.15514359810826073
  successful_tackles: 0.1533282843330288
  long_carries: 0.14778100189197213
  fouls_suffered_count: 0.14627304379253964
  successfull_pass_count: 0.14348578197704326
  pass_count: 0.13971282101728635
  ball_recovery_count: 0.1309604927035288
  penalites_won: 0.13067114652235204
  block_count: 0.12485313611343185
  foul_committed_count: 0.12245048131976333
  clearance_count: 0.04526729585743719

Főkomponens 2 (PC2):
  goal_count: 0.48177988797582844
  xG: 0.36922553793095825
  interception_count: -0.3227035686100446
  on_target: 0.2862759923972712
  tackle_count: -0.2802355989887143
  won_duels: -0.27850162025677594
  successful_tackles: -0.22665738855678583
  successfull_pass_count: -0.1964745047847984
  pass_count: -0.18778564782988338
  shot_count: 0.18107758678662333
  clearance_count: -0.17446671682096088
  block_count: -0.1499675790841495
  ball_recovery_count: -0.11918929074473573
  foul_committed_count: -0.11862773593493212
  duel_count: -0.09805402210636142
  long_carries: -0.09673332646909437
  pressure_count: -0.09233731647465603
  assists: -0.07473554729876125
  successfull_dribbles: -0.06620660226743878
  xA: 0.05378754693790752
  fouls_suffered_count: -0.05238894205380771
  penalites_won: -0.047108012675968175
  dribble_count: -0.046553235473604224
  dispossessed_count: 0.045301533994169196
  key_passes: -0.024391733851991827

Főkomponens 3 (PC3):
  assists: 0.7031699717682699
  xA: 0.34020211289040236
  key_passes: 0.25728730081793466
  interception_count: -0.21427586598962053
  clearance_count: -0.20446965443690293
  successfull_dribbles: -0.1955720433077653
  dribble_count: -0.19085209538560585
  goal_count: -0.18581499665063322
  xG: -0.1631665561762291
  on_target: -0.1387426193910206
  duel_count: -0.11528309764259356
  successful_tackles: -0.11418375783173118
  block_count: -0.10953104205182866
  long_carries: -0.1095155761054785
  foul_committed_count: -0.09423736442957448
  shot_count: -0.08126106639358606
  won_duels: -0.07457525367548658
  tackle_count: -0.07250777741184643
  ball_recovery_count: -0.04352189928755847
  fouls_suffered_count: 0.0342095279711165
  penalites_won: 0.02420069186824766
  pressure_count: -0.015758738081289855
  dispossessed_count: 0.013745862627116922
  pass_count: 0.009523346584331219
  successfull_pass_count: 0.004790546406899612

Főkomponens 4 (PC4):
  successfull_dribbles: 0.5196299445632749
  dribble_count: 0.503173405209095
  clearance_count: -0.461121999256452
  dispossessed_count: 0.19952287890194262
  goal_count: -0.1968846959880629
  xG: -0.18597558763002417
  penalites_won: -0.1837357379855791
  interception_count: -0.1831172977427323
  long_carries: 0.18021696203523532
  duel_count: -0.13581536727963708
  tackle_count: -0.12099935359656491
  won_duels: -0.07616110913426725
  assists: -0.057422296523672915
  successfull_pass_count: -0.03883406661073679
  on_target: -0.03668511040059632
  pass_count: -0.033255920423745144
  foul_committed_count: -0.03279509175044108
  pressure_count: -0.032240846720497
  key_passes: 0.02831782015118054
  shot_count: -0.025827929905578827
  xA: 0.024751904866386433
  fouls_suffered_count: 0.017598217770893862
  successful_tackles: -0.01736317826047013
  ball_recovery_count: 0.014457515743649525
  block_count: -0.008819856814702154

