Barcelona - PCA eredmények

Magyarázott variancia arányok:
[0.82703309 0.09353294 0.04633576 0.0119277 ]
Összegzett variancia arány: 0.9788294906357983

Főkomponens 1 (PC1):
  goal_count: 0.4945091951925236
  xG: 0.38757275989141526
  on_target: 0.33294417213204625
  assists: 0.3273545629289292
  successfull_dribbles: 0.29450337271189886
  xA: 0.2915367578412804
  dribble_count: 0.26717348653994616
  shot_count: 0.23503239130618928
  key_passes: 0.17404659129245273
  fouls_suffered_count: 0.14567697811818278
  dispossessed_count: 0.12124427471975771
  long_carries: 0.10567279079686324
  penalites_won: 0.05535342494132005
  pass_count: 0.04710212343041258
  successfull_pass_count: 0.04413512780834106
  foul_committed_count: 0.04299031843081308
  pressure_count: 0.030017051432881088
  ball_recovery_count: 0.028677832969938324
  clearance_count: -0.014315273745636488
  duel_count: 0.012873546957675595
  successful_tackles: 0.011637034913632051
  tackle_count: 0.00899523734166407
  block_count: 0.008217337594898535
  won_duels: 0.00675366115179518
  interception_count: 0.002048856001346106

Főkomponens 2 (PC2):
  goal_count: 0.3563943087757008
  successfull_pass_count: -0.3461932321891165
  pass_count: -0.29710126251266705
  long_carries: -0.2805029737087534
  won_duels: -0.2548423263346901
  tackle_count: -0.23595980783876921
  successful_tackles: -0.22866975816553117
  successfull_dribbles: -0.21395589485539493
  xG: 0.20981187900586448
  fouls_suffered_count: -0.1946517145966759
  block_count: -0.18847211282451878
  interception_count: -0.1820908375766047
  clearance_count: -0.1754148505140941
  ball_recovery_count: -0.161988648245982
  pressure_count: -0.15889528763251248
  duel_count: -0.15586209238048115
  dribble_count: -0.13365297670005527
  foul_committed_count: -0.12857726099558817
  on_target: 0.12415390072830072
  key_passes: -0.12187597154899865
  penalites_won: -0.12044607060733131
  xA: -0.11692342420093123
  dispossessed_count: -0.08770768140053656
  assists: -0.08714065214090745
  shot_count: 0.0471748886831103

Főkomponens 3 (PC3):
  successfull_dribbles: 0.5808056341120835
  goal_count: -0.38315523656514505
  dribble_count: 0.3415179045255299
  clearance_count: -0.2212988686545889
  successful_tackles: -0.21519054957820496
  penalites_won: -0.19954771336957128
  won_duels: -0.1826977315431179
  tackle_count: -0.17112709002188115
  xG: -0.15218865503974058
  block_count: -0.15048253963132918
  interception_count: -0.1503241442774438
  assists: -0.13352835559096857
  duel_count: -0.13040747729154872
  successfull_pass_count: -0.12922922243304477
  long_carries: 0.11856655815709799
  dispossessed_count: 0.10668182781242067
  pressure_count: -0.10464919642606957
  pass_count: -0.10436596996765718
  foul_committed_count: -0.10229120717170177
  ball_recovery_count: -0.09854284013853216
  key_passes: 0.08721013927945663
  xA: 0.05724831385942964
  fouls_suffered_count: 0.05061864422020211
  shot_count: 0.023247158106171794
  on_target: -0.008807079317168212

Főkomponens 4 (PC4):
  assists: 0.6191780937126051
  clearance_count: -0.46675355927393336
  long_carries: -0.438358963491214
  xA: 0.1793271270413217
  goal_count: -0.1726596681110725
  xG: -0.16284286760948313
  on_target: -0.14507240626819723
  won_duels: 0.13701403535660578
  successfull_pass_count: -0.12872591669626499
  pass_count: -0.09791778895281669
  pressure_count: 0.089871287581923
  fouls_suffered_count: 0.08523340593988556
  successful_tackles: 0.0833377344901502
  shot_count: -0.0784925469873821
  tackle_count: 0.0714009823836791
  successfull_dribbles: -0.06825768000672051
  key_passes: 0.05765720174243636
  interception_count: -0.05336971064674026
  penalites_won: 0.05167562335288533
  foul_committed_count: 0.041694959953604276
  block_count: -0.03763123703249474
  ball_recovery_count: -0.036146600860128913
  duel_count: 0.024057156788748348
  dispossessed_count: -0.006965201683983181
  dribble_count: -0.00014887364160332076

