Celta Vigo - PCA eredmények

Magyarázott variancia arányok:
[0.64654784 0.23250131 0.05042194 0.02721374]
Összegzett variancia arány: 0.9566848339956311

Főkomponens 1 (PC1):
  dribble_count: 0.32984368788991913
  successfull_dribbles: 0.30194387224214553
  assists: 0.30184604028367645
  goal_count: 0.29172181843923334
  xG: 0.28596084602777594
  xA: 0.2844175294149991
  on_target: 0.2509333724125872
  shot_count: 0.23794437825276785
  key_passes: 0.23053174502010446
  fouls_suffered_count: 0.22827305761146688
  dispossessed_count: 0.22735778940759227
  long_carries: 0.16189261388742512
  successful_tackles: 0.13772937480275502
  interception_count: 0.1295680182060775
  foul_committed_count: 0.1267174206812219
  duel_count: 0.1210069584128415
  ball_recovery_count: 0.1132275699978932
  pass_count: 0.11290086682448237
  won_duels: 0.10944689250791573
  successfull_pass_count: 0.10892571943941556
  pressure_count: 0.10855793102795427
  penalites_won: 0.10310356868314666
  tackle_count: 0.09567041783733747
  block_count: 0.09224921383933446
  clearance_count: 0.049683294694672704

Főkomponens 2 (PC2):
  interception_count: 0.4446115701671165
  clearance_count: 0.33248462819521435
  successful_tackles: 0.2876948579194463
  tackle_count: 0.27716263605610775
  won_duels: 0.27079194387332267
  goal_count: -0.25848252327417576
  xG: -0.2391310810916717
  successfull_pass_count: 0.22608603553300735
  pass_count: 0.1961477183039342
  duel_count: 0.18912014927178852
  block_count: 0.18586759710212974
  on_target: -0.18498530864445636
  foul_committed_count: 0.16848103514961926
  pressure_count: 0.14875604286353994
  shot_count: -0.13294779317933672
  dribble_count: -0.12967109534138258
  ball_recovery_count: 0.11375227953680365
  penalites_won: 0.10035739141099552
  long_carries: 0.09901244556403138
  successfull_dribbles: -0.08493862760097576
  xA: -0.08337700199250228
  key_passes: -0.07897628967865611
  dispossessed_count: -0.04368573164774138
  fouls_suffered_count: 0.021241851814880346
  assists: 0.01259086275119615

Főkomponens 3 (PC3):
  goal_count: 0.4738736337984602
  dribble_count: -0.4466717450986147
  successfull_dribbles: -0.4004868579720261
  xG: 0.36205347959386847
  on_target: 0.2711512588827027
  dispossessed_count: -0.2448262860801809
  fouls_suffered_count: -0.17860874879307514
  duel_count: 0.14181410626966787
  foul_committed_count: 0.11820791261375242
  shot_count: 0.114333335332714
  long_carries: -0.10983479478850262
  pressure_count: 0.10846649907165813
  assists: -0.09397462433416481
  xA: -0.07800940449892306
  interception_count: 0.0741207273307074
  successful_tackles: 0.07362061632295216
  clearance_count: 0.071007715814896
  penalites_won: 0.06348778529139444
  tackle_count: 0.05837488040073108
  ball_recovery_count: -0.055542995719705585
  block_count: 0.05118903115317402
  key_passes: 0.04356076256180139
  won_duels: 0.03667961117163652
  successfull_pass_count: 0.026802213047138916
  pass_count: 0.01135469114915759

Főkomponens 4 (PC4):
  fouls_suffered_count: 0.5347407340573538
  assists: -0.33284610062222786
  interception_count: -0.3127865884279851
  successful_tackles: 0.28825704357645354
  foul_committed_count: 0.2859708285910807
  penalites_won: 0.26229092330269355
  xA: -0.2508642445038097
  clearance_count: -0.23228338964025416
  won_duels: 0.18640442020894585
  key_passes: -0.1828167879213685
  duel_count: 0.16983832284014608
  pass_count: -0.14483313324044103
  successfull_pass_count: -0.14162155611531757
  dispossessed_count: 0.0626086734897889
  block_count: -0.06173742627867898
  goal_count: 0.04790599224625036
  successfull_dribbles: 0.04760456656160388
  pressure_count: 0.04274797918097564
  tackle_count: 0.03856638393017634
  on_target: -0.025231370638115952
  dribble_count: -0.02310137718938343
  long_carries: 0.005836593045913796
  ball_recovery_count: -0.003917153472618171
  xG: 0.00014964452024825305
  shot_count: -1.840368750946165e-05

