Eibar - PCA eredmények

Magyarázott variancia arányok:
[0.56799388 0.26148519 0.06423926 0.04063549]
Összegzett variancia arány: 0.9343538181486799

Főkomponens 1 (PC1):
  goal_count: 0.3064046454714725
  xG: 0.28423419349499246
  duel_count: 0.25014875650284196
  successful_tackles: 0.24206091846456193
  assists: 0.23837488214914734
  on_target: 0.23830407947456606
  won_duels: 0.22069028493334072
  foul_committed_count: 0.2200904204299001
  tackle_count: 0.21254622202580023
  penalites_won: 0.20802847194066276
  xA: 0.20543027585683657
  pressure_count: 0.20465424443540353
  shot_count: 0.2018528827283962
  dispossessed_count: 0.19996595346243384
  interception_count: 0.18667738110368284
  dribble_count: 0.18068929316967464
  fouls_suffered_count: 0.1737907808904048
  successfull_dribbles: 0.17095655682332211
  key_passes: 0.16212454214045582
  block_count: 0.15550372210988134
  ball_recovery_count: 0.14219471526492902
  pass_count: 0.11864827498312934
  long_carries: 0.11584996087454111
  successfull_pass_count: 0.10802353852507235
  clearance_count: 0.05793856441402248

Főkomponens 2 (PC2):
  goal_count: 0.45361235076200584
  xG: 0.4312259342066612
  interception_count: -0.3471852554396097
  on_target: 0.31540756221511734
  successful_tackles: -0.3020347004351568
  won_duels: -0.24152147429358195
  tackle_count: -0.22655918093217864
  shot_count: 0.20133823133257403
  clearance_count: -0.19604769683219878
  ball_recovery_count: -0.13434390870182125
  foul_committed_count: -0.12395489259131719
  pass_count: -0.11557443313108486
  block_count: -0.10930493701189657
  long_carries: -0.1061883706512305
  successfull_pass_count: -0.10567456463429044
  successfull_dribbles: -0.08384942974797384
  penalites_won: -0.06689751235539679
  dribble_count: -0.06391557739852612
  assists: 0.06335813207359219
  pressure_count: -0.05229721003928386
  dispossessed_count: 0.04274692287821273
  fouls_suffered_count: -0.03969211694268499
  xA: 0.032692149819879765
  key_passes: 0.01926274270300751
  duel_count: -0.007603654225152422

Főkomponens 3 (PC3):
  clearance_count: 0.4794150031669285
  interception_count: 0.3398165846936777
  assists: -0.3258928478845889
  xA: -0.30405666193717534
  key_passes: -0.2682629876036457
  dribble_count: -0.2657433090657555
  dispossessed_count: -0.2634404923740607
  xG: 0.23472871051026636
  goal_count: 0.22137132663940545
  successfull_dribbles: -0.21452294544318562
  on_target: 0.13725168846039373
  fouls_suffered_count: -0.12027350801181078
  successfull_pass_count: 0.09735233889734185
  shot_count: 0.09555633652187756
  pass_count: 0.09474875312124945
  foul_committed_count: 0.08414061742319028
  penalites_won: -0.08055057177587635
  block_count: 0.0763928939719682
  duel_count: 0.07388402891497806
  ball_recovery_count: 0.0720067707397538
  long_carries: -0.04353382679015112
  won_duels: 0.021805780746947882
  tackle_count: 0.018750454524991557
  successful_tackles: -0.016142203208769648
  pressure_count: 0.0009230115103685024

Főkomponens 4 (PC4):
  assists: 0.6017660987391162
  clearance_count: 0.46226851894244564
  successful_tackles: -0.38073793199344924
  xA: 0.2784588203250909
  interception_count: 0.21551548672294468
  foul_committed_count: -0.15981537071127425
  pressure_count: -0.15723712602688286
  won_duels: -0.15483750121959883
  long_carries: 0.11029153564508083
  dispossessed_count: -0.09782745655191288
  successfull_dribbles: -0.09641609114142517
  penalites_won: 0.08266729664793386
  ball_recovery_count: -0.07756571145739814
  block_count: -0.07031521428395737
  shot_count: -0.06962809608808831
  pass_count: 0.06823457672873659
  tackle_count: -0.06565537789680262
  key_passes: 0.06336799943103678
  xG: -0.056655048964694976
  duel_count: 0.05586335442265448
  on_target: -0.04934272131591142
  goal_count: -0.04603062898505646
  dribble_count: -0.041116278652456546
  successfull_pass_count: 0.03325206672966186
  fouls_suffered_count: -0.02575187314087221

