Espanyol - PCA eredmények

Magyarázott variancia arányok:
[0.59991727 0.19186605 0.09737765 0.04424935]
Összegzett variancia arány: 0.9334103148352112

Főkomponens 1 (PC1):
  successfull_dribbles: 0.3542969243026219
  dribble_count: 0.34691520717942675
  assists: 0.27082978085306736
  foul_committed_count: 0.2418844623687874
  dispossessed_count: 0.2342494403527404
  xA: 0.23333523371880144
  xG: 0.21929571408550758
  goal_count: 0.21569816783201212
  on_target: 0.20915393318864367
  fouls_suffered_count: 0.20325286296472497
  shot_count: 0.19772601407826962
  key_passes: 0.19241204779253057
  successful_tackles: 0.18789489422832537
  duel_count: 0.17039008979642595
  pressure_count: 0.17000743913401992
  won_duels: 0.157735786954645
  long_carries: 0.15748486419809313
  tackle_count: 0.15424783417767404
  penalites_won: 0.14559040662619452
  interception_count: 0.13915320011306945
  block_count: 0.12906355480352555
  ball_recovery_count: 0.12268442976094107
  pass_count: 0.09504056510444371
  successfull_pass_count: 0.08953736604656144
  clearance_count: 0.03352907999498846

Főkomponens 2 (PC2):
  interception_count: 0.4377395653993083
  clearance_count: 0.4160507113599601
  won_duels: 0.2664431175317069
  tackle_count: 0.2564553303864594
  successful_tackles: 0.24440374027751313
  dribble_count: -0.2311204713258891
  xG: -0.21818570878481333
  successfull_dribbles: -0.19988174462451347
  goal_count: -0.19061412999365826
  penalites_won: 0.18319354573564126
  foul_committed_count: 0.17453326831750834
  block_count: 0.16419598979880493
  on_target: -0.1573949026587765
  successfull_pass_count: 0.14470777438693516
  pass_count: 0.14098137600313507
  dispossessed_count: -0.13735709120126355
  duel_count: 0.13635314793264744
  shot_count: -0.11797005066799868
  xA: -0.11411630682356108
  pressure_count: 0.10610661340893647
  ball_recovery_count: 0.10560680615350447
  key_passes: -0.10071308394589246
  fouls_suffered_count: 0.06838990196470296
  assists: -0.05521296209871583
  long_carries: 0.015270201681807304

Főkomponens 3 (PC3):
  assists: 0.594200011580194
  xA: 0.4418586547842697
  goal_count: -0.35152517981498993
  key_passes: 0.2708003193497363
  foul_committed_count: -0.21993387836627518
  successfull_dribbles: -0.19550393138274935
  dribble_count: -0.1786779686379636
  clearance_count: -0.17456631025074285
  successful_tackles: 0.1604664794924981
  xG: -0.128404830624589
  duel_count: -0.12498335740629288
  penalites_won: -0.11165482575735959
  on_target: -0.09321894947033708
  won_duels: 0.08557425519791463
  tackle_count: 0.08000848580419145
  interception_count: -0.07479970375673284
  dispossessed_count: -0.056571692660176254
  shot_count: -0.03731529360389021
  ball_recovery_count: 0.036346425074981446
  pressure_count: 0.027184516522396486
  block_count: -0.02126494379582819
  pass_count: 0.013498096608651734
  successfull_pass_count: 0.010686088509870552
  long_carries: 0.0070241465002228035
  fouls_suffered_count: 0.002795188435800338

Főkomponens 4 (PC4):
  clearance_count: 0.6987299881478329
  successful_tackles: -0.2637895095169596
  foul_committed_count: -0.2552138518659941
  won_duels: -0.24795095783967808
  tackle_count: -0.23289927566205884
  long_carries: 0.2089958314144985
  xG: 0.19584935193277292
  assists: 0.1481028486527821
  pressure_count: -0.14250903938048365
  shot_count: 0.13438773883321356
  key_passes: 0.12819645598243742
  successfull_pass_count: 0.1281903747629146
  pass_count: 0.12745553481037955
  on_target: 0.12537457957693154
  xA: 0.11054221515588174
  successfull_dribbles: -0.09294552487333857
  duel_count: -0.08594409718431693
  block_count: 0.08029323520460717
  penalites_won: 0.0762396805491185
  dribble_count: -0.06838437087702966
  fouls_suffered_count: -0.060582740711881675
  goal_count: 0.05073577085742358
  ball_recovery_count: 0.03843170350997981
  interception_count: -0.026802508027209435
  dispossessed_count: -0.023339959411076368

