Getafe - PCA eredmények

Magyarázott variancia arányok:
[0.57786367 0.21250212 0.07101127 0.03839964]
Összegzett variancia arány: 0.8997766958547018

Főkomponens 1 (PC1):
  xA: 0.3351048827892385
  key_passes: 0.2929397747313466
  assists: 0.290239014042756
  dribble_count: 0.2841378491175079
  on_target: 0.27940064875627213
  dispossessed_count: 0.25463148893660514
  shot_count: 0.2356106544282481
  successfull_dribbles: 0.22488339095895712
  fouls_suffered_count: 0.21452675083944517
  xG: 0.20996516889391798
  goal_count: 0.19881390519266012
  pressure_count: 0.19070788644880415
  long_carries: 0.17607823899145994
  foul_committed_count: 0.16761408838073572
  block_count: 0.14985831278424216
  successful_tackles: 0.14936279678026038
  penalites_won: 0.1376400539860589
  duel_count: 0.13668994219844527
  interception_count: 0.1328811998140499
  ball_recovery_count: 0.12561339023869653
  won_duels: 0.11978681880807246
  tackle_count: 0.10755009901161611
  pass_count: 0.1063713711398294
  successfull_pass_count: 0.0983273247583535
  clearance_count: 0.00993544137747249

Főkomponens 2 (PC2):
  interception_count: 0.45439736275060355
  clearance_count: 0.3007535240395521
  won_duels: 0.2997431336316654
  tackle_count: 0.28498174416693356
  successful_tackles: 0.2532939701779776
  xG: -0.2441866968682411
  goal_count: -0.23202783733216184
  on_target: -0.23051262341666476
  successfull_pass_count: 0.2065770544836746
  foul_committed_count: 0.2039150495669169
  pass_count: 0.18494350981260543
  ball_recovery_count: 0.16939646315540127
  block_count: 0.15430329461362366
  xA: -0.15307003299800911
  shot_count: -0.14160745342612158
  assists: -0.1392105790724438
  pressure_count: 0.13838637846220103
  duel_count: 0.11710457243151669
  dispossessed_count: -0.09259271247297327
  key_passes: -0.08865225537629508
  penalites_won: 0.08122111760188715
  long_carries: 0.0754828374081443
  dribble_count: -0.06457619083738736
  fouls_suffered_count: 0.03277752628865601
  successfull_dribbles: -0.02427092129192111

Főkomponens 3 (PC3):
  successfull_dribbles: 0.442635310950032
  xG: -0.40070147585070615
  dribble_count: 0.3889996296380429
  penalites_won: -0.3304709471750297
  goal_count: -0.3233541380733865
  clearance_count: -0.2959452138237697
  duel_count: -0.2379608802388553
  long_carries: 0.19970927538698016
  interception_count: -0.18534130853109285
  on_target: -0.1442721749362332
  successful_tackles: 0.0942719124959709
  ball_recovery_count: 0.09274052239081908
  key_passes: 0.08008268213446804
  dispossessed_count: 0.064609250978202
  fouls_suffered_count: -0.05604056652429693
  assists: -0.05383744791381874
  xA: 0.04225049060926108
  shot_count: -0.030565543626652897
  won_duels: 0.030166607347796668
  foul_committed_count: -0.02113740233880041
  tackle_count: 0.018053780725275123
  pass_count: 0.015592278537456806
  block_count: -0.014864006012021683
  pressure_count: 0.01349113940943531
  successfull_pass_count: 0.0011234962683736287

Főkomponens 4 (PC4):
  assists: 0.47436758576845367
  xA: 0.4260931711968507
  dispossessed_count: -0.36477932198384994
  xG: -0.34105808906885904
  key_passes: 0.28619750309685205
  shot_count: -0.2352258481978845
  fouls_suffered_count: -0.17859447696600916
  pressure_count: -0.1739085269945415
  clearance_count: 0.17356745094579965
  duel_count: -0.163982011228891
  successfull_dribbles: -0.15249409292202878
  foul_committed_count: -0.1345807145912836
  ball_recovery_count: -0.12977880909758646
  block_count: 0.10665124910366773
  interception_count: 0.0976455935828596
  long_carries: -0.06396908479766097
  goal_count: 0.04662742244707387
  dribble_count: -0.026032463465528226
  pass_count: 0.025976103561164643
  tackle_count: 0.020567626744152138
  successfull_pass_count: -0.015027663082940056
  penalites_won: -0.012372215577374937
  successful_tackles: -0.006867117162252618
  won_duels: -0.0057005496447961644
  on_target: 0.004582333962583408

