Granada - PCA eredmények

Magyarázott variancia arányok:
[0.61164812 0.18971315 0.09048109 0.03223756]
Összegzett variancia arány: 0.9240799265346444

Főkomponens 1 (PC1):
  goal_count: 0.33530083254364723
  successfull_dribbles: 0.2935542782037339
  dribble_count: 0.29353575162781204
  on_target: 0.2759736946373823
  xG: 0.26690512096550045
  fouls_suffered_count: 0.2654108948238769
  dispossessed_count: 0.25440078697844964
  shot_count: 0.24676914100784952
  successful_tackles: 0.2093385950280234
  xA: 0.19221521170573844
  assists: 0.18608437913697137
  penalites_won: 0.1839220818738296
  foul_committed_count: 0.18340648778009355
  key_passes: 0.17790489714675597
  duel_count: 0.16581435119525892
  pressure_count: 0.1490110167155501
  long_carries: 0.1435852897570497
  won_duels: 0.13939234729927644
  tackle_count: 0.13684448362242563
  ball_recovery_count: 0.11500950140425971
  interception_count: 0.11071796907270812
  block_count: 0.10213750666975156
  pass_count: 0.08423258497969206
  successfull_pass_count: 0.07432232865341955
  clearance_count: 0.01604961661461331

Főkomponens 2 (PC2):
  goal_count: 0.38645567196343855
  interception_count: -0.38281479348987574
  xG: 0.31557054227276815
  clearance_count: -0.30416133228214504
  tackle_count: -0.3024496881536796
  successful_tackles: -0.2956227229683544
  won_duels: -0.27444312462806597
  on_target: 0.23338797249499285
  block_count: -0.2240824597568421
  successfull_pass_count: -0.18205360228100725
  pass_count: -0.17888780646253521
  foul_committed_count: -0.12618638421124836
  pressure_count: -0.1251915856734168
  ball_recovery_count: -0.11172964232733998
  shot_count: 0.1102114947139287
  duel_count: -0.0992307054474633
  long_carries: -0.08515603091473845
  key_passes: -0.06544713778004498
  dispossessed_count: 0.0625955221293843
  dribble_count: 0.0484304316649987
  assists: -0.04455759238922374
  fouls_suffered_count: 0.02771916081662345
  xA: 0.026636940011549277
  penalites_won: -0.02561015791667026
  successfull_dribbles: 0.0007708422527418944

Főkomponens 3 (PC3):
  clearance_count: 0.4648316503281541
  goal_count: 0.37412255935861916
  xG: 0.37317939224759533
  assists: -0.32056830436434475
  dribble_count: -0.2684709676826681
  successfull_dribbles: -0.25149984306723916
  dispossessed_count: -0.24691186585072217
  fouls_suffered_count: -0.19646367801295958
  interception_count: 0.17426929925131854
  duel_count: 0.16922978086934398
  on_target: 0.15589123317620104
  penalites_won: 0.13053404553517992
  long_carries: -0.12036615187928697
  key_passes: -0.11211797116597325
  block_count: 0.11192432577548102
  xA: -0.09293682078388686
  successfull_pass_count: 0.08266289499429229
  pass_count: 0.06772376915228384
  ball_recovery_count: -0.047915913266026906
  pressure_count: 0.04731860549854886
  won_duels: 0.032604858224390874
  tackle_count: 0.029846225594471493
  shot_count: 0.020339466944514623
  foul_committed_count: -0.01141344199359031
  successful_tackles: -0.00443980473363619

Főkomponens 4 (PC4):
  clearance_count: 0.597681413288211
  successful_tackles: -0.360107683564853
  won_duels: -0.3248899625166445
  dribble_count: 0.30231775179481574
  tackle_count: -0.24057146657401432
  fouls_suffered_count: 0.1874199526123241
  long_carries: 0.17821335642534974
  dispossessed_count: 0.17782981098991008
  interception_count: 0.1683046859119648
  pressure_count: -0.16422159694264601
  successfull_dribbles: 0.14104446135839044
  xG: -0.12878252393266393
  key_passes: -0.12059261970937377
  duel_count: -0.09536857914583013
  goal_count: -0.08727837794099798
  shot_count: 0.0864809501852071
  foul_committed_count: -0.08532064380584209
  xA: -0.08502349167536954
  block_count: 0.07634930575707143
  ball_recovery_count: -0.055834336485201266
  penalites_won: -0.04074584608137844
  pass_count: 0.04031273880504566
  successfull_pass_count: 0.03855002083511267
  on_target: 0.023171311132961506
  assists: 0.022226496925323493

