Las Palmas - PCA eredmények

Magyarázott variancia arányok:
[0.66452089 0.17506613 0.06648086 0.02685857]
Összegzett variancia arány: 0.9329264666239259

Főkomponens 1 (PC1):
  assists: 0.31913521868402794
  on_target: 0.2975305522384923
  dribble_count: 0.28432593567853603
  successfull_dribbles: 0.2729317273427186
  dispossessed_count: 0.26857567995918763
  goal_count: 0.26585947206975935
  xG: 0.2631615803492505
  key_passes: 0.24912977229590108
  shot_count: 0.24873252330225687
  fouls_suffered_count: 0.23223597994267337
  long_carries: 0.21929624216925783
  xA: 0.21646096379335597
  pressure_count: 0.1505709170240296
  successfull_pass_count: 0.13477229990712467
  successful_tackles: 0.13236869387001762
  won_duels: 0.12630137464739427
  pass_count: 0.1262776369116189
  duel_count: 0.12592393854901235
  foul_committed_count: 0.10946855131278438
  ball_recovery_count: 0.10941055029093327
  penalites_won: 0.10673540983445742
  tackle_count: 0.09976108879176866
  block_count: 0.09632388797894607
  interception_count: 0.09120508172272022
  clearance_count: 0.020172188353014216

Főkomponens 2 (PC2):
  clearance_count: 0.5040605030146986
  interception_count: 0.4586563963529326
  successfull_pass_count: 0.2537567375425218
  pass_count: 0.22412848716793465
  on_target: -0.2168613208700907
  tackle_count: 0.2079596108935258
  won_duels: 0.20575975384649925
  goal_count: -0.20452106030476824
  block_count: 0.1980910718450294
  long_carries: 0.18576897910324414
  xG: -0.18556840902091404
  shot_count: -0.1397529174130508
  assists: -0.13519739180025356
  successful_tackles: 0.12683525905330886
  duel_count: 0.12648298336278427
  ball_recovery_count: 0.11651152593388683
  foul_committed_count: 0.1101195339831878
  penalites_won: 0.10251771216355295
  key_passes: -0.10060477322178467
  dispossessed_count: -0.08996231732812132
  pressure_count: 0.07015260774404003
  fouls_suffered_count: 0.06771304898780135
  xA: -0.05858002787521613
  dribble_count: -0.032168924766675086
  successfull_dribbles: 0.0032484158830463285

Főkomponens 3 (PC3):
  clearance_count: 0.5116642155950354
  goal_count: 0.4324446665133917
  xG: 0.32359096850969093
  on_target: 0.2758981831495402
  successfull_dribbles: -0.26130652741142074
  dribble_count: -0.25631855686108224
  long_carries: -0.21325297398984347
  fouls_suffered_count: -0.19860552519116811
  shot_count: 0.18634290916866192
  ball_recovery_count: -0.1736265965722632
  duel_count: 0.16518319364257397
  assists: -0.12514166144700367
  penalites_won: 0.09823506037475593
  dispossessed_count: -0.08883415645939595
  key_passes: -0.08505379437518594
  successfull_pass_count: -0.07519845658050565
  pass_count: -0.06346089832440513
  block_count: 0.06337960425283784
  pressure_count: -0.04521580958172673
  xA: -0.03621649700147832
  foul_committed_count: 0.025831857096617526
  successful_tackles: -0.024867937495346517
  won_duels: -0.019463966622546507
  interception_count: 0.011076347391795976
  tackle_count: -0.005014634815727602

Főkomponens 4 (PC4):
  assists: 0.6383174619311566
  clearance_count: 0.31134816073448235
  key_passes: 0.29392767911194523
  foul_committed_count: -0.28002267877923387
  dispossessed_count: -0.25934256378352066
  xA: 0.23631054470588925
  successful_tackles: -0.223759298547204
  goal_count: -0.1888910584025021
  fouls_suffered_count: -0.18431735096805346
  duel_count: -0.15255840403602305
  won_duels: -0.0978719823655241
  shot_count: -0.09761036366013055
  ball_recovery_count: -0.09470089115176492
  pressure_count: -0.08971118299340272
  on_target: -0.08466788602567586
  pass_count: 0.07228536186031623
  successfull_pass_count: 0.06475778610255489
  successfull_dribbles: -0.06283444079218724
  tackle_count: -0.054259934357213796
  penalites_won: -0.04582964413289336
  long_carries: -0.035914327424191754
  xG: 0.032351084730033064
  block_count: 0.025663205362770836
  interception_count: -0.0033931324597126743
  dribble_count: 0.0010223017526854745

