Levante UD - PCA eredmények

Magyarázott variancia arányok:
[0.56978501 0.20956899 0.10278496 0.04219165]
Összegzett variancia arány: 0.9243306093805178

Főkomponens 1 (PC1):
  dribble_count: 0.3341991134513275
  dispossessed_count: 0.30975210513244017
  successfull_dribbles: 0.30787871984050763
  goal_count: 0.2716080020040831
  shot_count: 0.26158127033479783
  key_passes: 0.26122401274133705
  on_target: 0.2524871723353902
  xA: 0.22928797069813958
  xG: 0.22712393221791452
  assists: 0.20691376454591576
  interception_count: 0.18589988802050103
  fouls_suffered_count: 0.18206534325594445
  long_carries: 0.16819065843526299
  pressure_count: 0.16769652832838663
  penalites_won: 0.15228504055878736
  foul_committed_count: 0.14060551427732226
  duel_count: 0.13856774432659588
  successful_tackles: 0.13565023630292763
  ball_recovery_count: 0.1281826155268292
  block_count: 0.12513996538638186
  won_duels: 0.10484426296383792
  tackle_count: 0.103149406051553
  pass_count: 0.09415436909644587
  successfull_pass_count: 0.08712320122246583
  clearance_count: 0.0395278748116758

Főkomponens 2 (PC2):
  clearance_count: 0.5129721711983901
  interception_count: 0.49534184477385856
  foul_committed_count: 0.21495090283496954
  on_target: -0.20546404781677896
  won_duels: 0.19849697079104
  goal_count: -0.19204784556329527
  tackle_count: 0.18082884079191053
  successfull_pass_count: 0.17950060448428531
  dispossessed_count: -0.1748802713277983
  successful_tackles: 0.17376053330844152
  pass_count: 0.17251960065339386
  penalites_won: 0.1637901535367069
  dribble_count: -0.15894419645641472
  block_count: 0.14455175034353726
  xG: -0.1352065680077013
  successfull_dribbles: -0.13073863355070572
  ball_recovery_count: 0.12292765421720259
  shot_count: -0.11457724771757394
  long_carries: 0.09696041196271292
  duel_count: 0.09600961389505368
  key_passes: -0.0682493622391905
  pressure_count: 0.06537528669632757
  xA: -0.06304706562306532
  fouls_suffered_count: 0.055445887594745384
  assists: -0.011676825350792014

Főkomponens 3 (PC3):
  xG: 0.35597555674569037
  on_target: 0.35088052138161846
  goal_count: 0.3387140466207762
  successfull_dribbles: -0.3380418938932788
  penalites_won: 0.33793589424972864
  dribble_count: -0.31221530469503034
  fouls_suffered_count: 0.20100174236596074
  long_carries: -0.19749911087029892
  shot_count: 0.19227478529447348
  assists: -0.18803769198772008
  duel_count: 0.17059541795361485
  key_passes: -0.1689513915840548
  xA: -0.16363729586180992
  dispossessed_count: -0.1477088217386996
  foul_committed_count: 0.1330742493169934
  clearance_count: 0.09653045708529104
  successfull_pass_count: -0.07566264441503812
  interception_count: -0.07314354650072367
  pass_count: -0.06585346422521823
  ball_recovery_count: -0.06514717734272223
  block_count: -0.05244187975689587
  pressure_count: 0.038576348764958676
  successful_tackles: -0.02418241234250076
  won_duels: 0.0014379881551841239
  tackle_count: -0.0004465789794198367

Főkomponens 4 (PC4):
  clearance_count: 0.5613134340668903
  key_passes: -0.27009917416352347
  won_duels: -0.2535593118047426
  foul_committed_count: -0.23685700939211182
  successfull_dribbles: 0.23331527143484837
  dribble_count: 0.22774148478779085
  interception_count: 0.22701327551638903
  successful_tackles: -0.2176855512856086
  pressure_count: -0.19579483247191462
  goal_count: 0.17796499300323398
  assists: -0.1754006318060985
  ball_recovery_count: -0.17153729762503195
  fouls_suffered_count: -0.16388888415296288
  on_target: 0.1488531724422042
  tackle_count: -0.14534844662490673
  successfull_pass_count: -0.14428469803231547
  pass_count: -0.13528201150601907
  dispossessed_count: 0.10950860945390439
  penalites_won: -0.09884480689647818
  duel_count: -0.08392602656453889
  block_count: 0.0737594843129875
  xA: -0.07286143258212113
  xG: 0.06790279360725428
  long_carries: 0.052115352375929035
  shot_count: -0.0037323317872594735

