Málaga - PCA eredmények

Magyarázott variancia arányok:
[0.55443382 0.25034766 0.10065995 0.0264202 ]
Összegzett variancia arány: 0.931861625111563

Főkomponens 1 (PC1):
  on_target: 0.2889480686340772
  xG: 0.2586290688520667
  foul_committed_count: 0.24493874369760513
  shot_count: 0.2333128994829103
  goal_count: 0.2289943985390047
  interception_count: 0.2279151243961461
  duel_count: 0.22076646786666496
  penalites_won: 0.21949519801956266
  assists: 0.2124335648336797
  fouls_suffered_count: 0.20868046174613517
  xA: 0.20510101140029993
  won_duels: 0.20352952363195187
  key_passes: 0.19911251181085227
  tackle_count: 0.19456224675035286
  successful_tackles: 0.18342560433390412
  pressure_count: 0.18326308716114362
  block_count: 0.17516879973021163
  dribble_count: 0.1746342375662881
  dispossessed_count: 0.17199081997286464
  successfull_dribbles: 0.16545523694862657
  ball_recovery_count: 0.15575032717877152
  pass_count: 0.14635862170874506
  successfull_pass_count: 0.14076202562962725
  long_carries: 0.12989265103461495
  clearance_count: 0.1284173941621636

Főkomponens 2 (PC2):
  goal_count: 0.388015607607705
  xG: 0.3705025953586496
  on_target: 0.3581016338175801
  interception_count: -0.3410320900243313
  clearance_count: -0.30826136764805384
  successful_tackles: -0.2610740264706598
  tackle_count: -0.2567445060864951
  won_duels: -0.2432548585017486
  shot_count: 0.2240586175161752
  block_count: -0.168066896586004
  successfull_pass_count: -0.1343987628678076
  pass_count: -0.1335854665651024
  ball_recovery_count: -0.13199066817012245
  dispossessed_count: 0.11455089151845924
  penalites_won: -0.08063399576046171
  key_passes: 0.07881439417823369
  xA: 0.07385731205542019
  dribble_count: 0.06888770848482605
  long_carries: -0.06507688812836446
  duel_count: -0.05127102753464704
  pressure_count: -0.040346536715618525
  foul_committed_count: -0.038409290489807034
  successfull_dribbles: 0.035112284146959855
  assists: -0.01590971832239935
  fouls_suffered_count: 0.009464282749127369

Főkomponens 3 (PC3):
  dribble_count: 0.417611228214662
  clearance_count: -0.41261405070773094
  successfull_dribbles: 0.40076981610374884
  goal_count: -0.3245902197872518
  dispossessed_count: 0.2958804539818829
  xA: 0.2446727713266737
  key_passes: 0.22582838014921144
  xG: -0.22040574073167898
  on_target: -0.18001411682626842
  interception_count: -0.159897920825202
  penalites_won: -0.14811106083677195
  fouls_suffered_count: 0.13721309805904836
  long_carries: 0.1314087937968092
  duel_count: -0.11470194150377278
  ball_recovery_count: 0.06610231275444828
  foul_committed_count: -0.05652556844273097
  shot_count: -0.0481847535656651
  successful_tackles: 0.04378517818647114
  pressure_count: 0.026801687333617645
  tackle_count: 0.014864496141903412
  successfull_pass_count: -0.013936866283950433
  pass_count: -0.012760779002805986
  block_count: 0.010430048005707442
  won_duels: 0.004071137187511387
  assists: -0.001120353079857271

Főkomponens 4 (PC4):
  clearance_count: 0.5314044913529784
  assists: -0.49193511907713233
  interception_count: 0.3394131613810544
  successful_tackles: -0.22409176672799458
  tackle_count: -0.21939004648415267
  dribble_count: 0.2153986724704461
  won_duels: -0.19964392710053494
  dispossessed_count: 0.18774787802818702
  foul_committed_count: -0.15982046785665074
  successfull_dribbles: 0.15550378911537746
  fouls_suffered_count: 0.12249925016059812
  goal_count: 0.12001077570399295
  xA: 0.11706377235593214
  duel_count: -0.1048401549558052
  long_carries: 0.09552293264018966
  penalites_won: -0.09470489219446544
  on_target: -0.08139157904863792
  key_passes: 0.07412476045865164
  pressure_count: -0.0656156632646358
  successfull_pass_count: -0.03595741401886264
  xG: 0.022069350007642773
  pass_count: -0.015010393282972677
  shot_count: 0.014136009771500702
  ball_recovery_count: 0.001945060855463455
  block_count: 0.00023200594746646287

