Rayo Vallecano - PCA eredmények

Magyarázott variancia arányok:
[0.5960393  0.1969203  0.10056574 0.03748554]
Összegzett variancia arány: 0.9310108880594856

Főkomponens 1 (PC1):
  assists: 0.29289915683341805
  goal_count: 0.2758836737055983
  on_target: 0.2694869478280867
  xG: 0.26011273580138833
  shot_count: 0.25111274111482335
  xA: 0.2508432181169031
  key_passes: 0.23712292963921272
  dribble_count: 0.2324745832791787
  dispossessed_count: 0.22993700512161055
  successfull_dribbles: 0.22112726357775736
  fouls_suffered_count: 0.2067097942900344
  duel_count: 0.1882625379600493
  long_carries: 0.1774959150145587
  foul_committed_count: 0.16572553734216033
  successful_tackles: 0.15879399088078497
  interception_count: 0.15516935151260072
  won_duels: 0.15492287353368064
  pressure_count: 0.15321430453339394
  tackle_count: 0.14567155270790766
  successfull_pass_count: 0.14278207865143713
  pass_count: 0.14189819208709648
  block_count: 0.13955875002487697
  penalites_won: 0.13883935871314682
  ball_recovery_count: 0.13390711372639386
  clearance_count: 0.08637182565299176

Főkomponens 2 (PC2):
  goal_count: 0.44373427610497196
  xG: 0.4253288707685612
  interception_count: -0.3318819793437065
  on_target: 0.2995400668802164
  clearance_count: -0.2764791480324841
  successful_tackles: -0.24196859358234
  tackle_count: -0.21455198291097996
  won_duels: -0.19585294427723338
  successfull_pass_count: -0.19388949042854228
  pass_count: -0.1865345187800175
  shot_count: 0.18648653766977832
  long_carries: -0.1429578051502928
  block_count: -0.12984692820878554
  ball_recovery_count: -0.11815117435546
  foul_committed_count: -0.1025483275854588
  assists: -0.09720058892297283
  penalites_won: -0.09074392804070239
  dispossessed_count: 0.0759658443455509
  pressure_count: -0.06564713445629594
  successfull_dribbles: -0.05199005653533696
  duel_count: -0.04940731597670036
  fouls_suffered_count: -0.023732143836859766
  xA: 0.022677921508067616
  dribble_count: -0.004696168432486076
  key_passes: 0.0001034231441540095

Főkomponens 3 (PC3):
  assists: 0.42334789676760043
  xA: 0.3425688105742955
  goal_count: -0.3347425791765147
  clearance_count: -0.2687599195768835
  xG: -0.26113501126226385
  dribble_count: 0.25697028350316786
  duel_count: -0.24116780014184502
  penalites_won: -0.23889273303050795
  interception_count: -0.23653593731426428
  successfull_dribbles: 0.20083755235669334
  foul_committed_count: -0.17468778659031928
  key_passes: 0.1677201095125471
  dispossessed_count: 0.1442455097041937
  tackle_count: -0.12859306758660957
  block_count: -0.11833606732159255
  long_carries: 0.11483992158580617
  won_duels: -0.10820636840636164
  pressure_count: -0.1064205405164322
  fouls_suffered_count: -0.09285944667879023
  shot_count: 0.08875184219102142
  successfull_pass_count: -0.0767648860591266
  pass_count: -0.060417089763964676
  successful_tackles: 0.03210902161384521
  ball_recovery_count: 0.009289994612121025
  on_target: -0.0047249358443633965

Főkomponens 4 (PC4):
  key_passes: 0.37878451305312716
  successfull_pass_count: 0.3309127683326283
  dribble_count: -0.3243362363205365
  successfull_dribbles: -0.3111874840861984
  assists: 0.3083474404877798
  fouls_suffered_count: 0.29922204838213895
  pass_count: 0.27127211783468613
  shot_count: -0.24316860884005587
  dispossessed_count: -0.2043731997925766
  clearance_count: -0.19191868417600166
  duel_count: -0.16601253172923086
  block_count: -0.13575723877584225
  interception_count: -0.1340226782672756
  penalites_won: 0.11988405480498517
  ball_recovery_count: 0.11635961435138462
  on_target: -0.11607496151199241
  goal_count: 0.11448238443842965
  tackle_count: -0.11341870694001496
  xG: 0.09596638547667156
  foul_committed_count: -0.07692133650562206
  xA: -0.03234079694942799
  won_duels: -0.02936239100974013
  pressure_count: -0.02457302665865174
  long_carries: 0.007897097102027
  successful_tackles: -0.006822448548323983

