RC Deportivo La Coruña - PCA eredmények

Magyarázott variancia arányok:
[0.56371862 0.30744471 0.04245688 0.02506053]
Összegzett variancia arány: 0.9386807404693357

Főkomponens 1 (PC1):
  goal_count: 0.3550587813546138
  on_target: 0.33818181123339913
  xG: 0.32191120220578323
  assists: 0.2892196028014355
  shot_count: 0.27349174403073107
  xA: 0.26970373647416634
  key_passes: 0.25951218911733775
  dispossessed_count: 0.1933059898625047
  penalites_won: 0.19007433175821026
  successfull_dribbles: 0.17983068616618697
  dribble_count: 0.17856438750530093
  fouls_suffered_count: 0.16955738987781038
  pressure_count: 0.15969695836587688
  long_carries: 0.14932404849901676
  interception_count: 0.13337228058057377
  duel_count: 0.13112985993357437
  won_duels: 0.1272030270837148
  successful_tackles: 0.12685303382783172
  tackle_count: 0.11790082347376572
  foul_committed_count: 0.11293422446137644
  ball_recovery_count: 0.1108390274441077
  successfull_pass_count: 0.11080875430046415
  pass_count: 0.11026876775598116
  block_count: 0.10167202635814335
  clearance_count: 0.046543665639756454

Főkomponens 2 (PC2):
  interception_count: 0.4265901574449045
  clearance_count: 0.32180029715448366
  won_duels: 0.309467077597701
  successful_tackles: 0.3093604468912777
  tackle_count: 0.28237094405257096
  goal_count: -0.25171051462454763
  xG: -0.23635301628332042
  on_target: -0.2287700082006761
  block_count: 0.203251940271235
  duel_count: 0.1697172928076851
  successfull_pass_count: 0.16929452427294694
  pass_count: 0.1615320372215125
  foul_committed_count: 0.1446563505287414
  ball_recovery_count: 0.1411634244672542
  assists: -0.13357715592358496
  shot_count: -0.13145757513816653
  penalites_won: 0.1273339122284109
  long_carries: 0.12035120423268326
  pressure_count: 0.11559393142898251
  xA: -0.1123990031776419
  fouls_suffered_count: 0.09149338650721671
  key_passes: -0.070310916427456
  dispossessed_count: -0.028016197982262736
  dribble_count: -0.00566895882865629
  successfull_dribbles: 0.005571514906085511

Főkomponens 3 (PC3):
  clearance_count: 0.6259838541832008
  goal_count: 0.32232947647828725
  xG: 0.2818454169701848
  interception_count: 0.2653803060400747
  penalites_won: 0.25131736905069785
  won_duels: -0.22150650727327154
  tackle_count: -0.2168813772436838
  pressure_count: -0.1838356744928221
  assists: -0.18189585124752913
  foul_committed_count: -0.14391685185009662
  successfull_dribbles: -0.13701369403253996
  dribble_count: -0.13396650964688522
  successful_tackles: -0.12206455118867507
  block_count: -0.11554717284593939
  dispossessed_count: -0.1134324004777721
  shot_count: -0.10097787098950896
  key_passes: -0.09963161407262423
  fouls_suffered_count: -0.06031381114149161
  long_carries: 0.04774935532743799
  duel_count: -0.04150998684880544
  xA: -0.03195436857069768
  on_target: 0.020065814650766258
  successfull_pass_count: -0.019145623299453605
  ball_recovery_count: -0.00841214353832251
  pass_count: -0.008069856834539613

Főkomponens 4 (PC4):
  foul_committed_count: 0.4150770108393339
  dribble_count: -0.41092134218707793
  successfull_dribbles: -0.39360853551198094
  interception_count: -0.3058235386427567
  penalites_won: 0.28128629681179895
  xG: 0.2798801696262242
  long_carries: -0.2214707094673991
  pressure_count: 0.18745598779651362
  won_duels: 0.1808817701141261
  successful_tackles: 0.15127536491139917
  dispossessed_count: -0.1417406312797177
  tackle_count: 0.1276681753596332
  goal_count: 0.12729060160746442
  ball_recovery_count: -0.12194618090743777
  duel_count: 0.10954895437464338
  clearance_count: -0.09479296934876844
  shot_count: -0.09072230658662032
  on_target: -0.08059952819900944
  block_count: -0.06496088568062228
  key_passes: -0.06200557139215952
  pass_count: -0.026272920066189108
  fouls_suffered_count: 0.025506291495253373
  successfull_pass_count: 0.01946182276115564
  xA: -0.01343457126031999
  assists: 0.0033334633655538043

