Real Sociedad - PCA eredmények

Magyarázott variancia arányok:
[0.48342129 0.25854964 0.11434522 0.04391586]
Összegzett variancia arány: 0.9002320138958427

Főkomponens 1 (PC1):
  dribble_count: 0.2702328241203279
  fouls_suffered_count: 0.26872817069555
  xA: 0.26863236088278186
  successfull_dribbles: 0.2604965874834818
  xG: 0.24902424891962188
  on_target: 0.24395878239853996
  key_passes: 0.23419662247535072
  dispossessed_count: 0.22762940310537483
  penalites_won: 0.21769557449561677
  shot_count: 0.21716765899975593
  interception_count: 0.21230907982211575
  goal_count: 0.20356733732394672
  long_carries: 0.19497241207985025
  assists: 0.1872674130847963
  duel_count: 0.1722361329254329
  pressure_count: 0.17134331937331193
  successful_tackles: 0.1652194103080168
  won_duels: 0.157178641863245
  foul_committed_count: 0.14415270994942794
  block_count: 0.14256594843109763
  tackle_count: 0.14147260424527555
  ball_recovery_count: 0.14037843150752266
  successfull_pass_count: 0.13472743918437252
  pass_count: 0.13262914586999114
  clearance_count: 0.0692827070120918

Főkomponens 2 (PC2):
  interception_count: 0.4707920394857922
  goal_count: -0.3454221369505309
  clearance_count: 0.31081598810075406
  xG: -0.3025968792203504
  on_target: -0.26528830372822165
  tackle_count: 0.2447582612442035
  won_duels: 0.2319057055131946
  successful_tackles: 0.20498248537823885
  shot_count: -0.18159154441375958
  successfull_pass_count: 0.16360209502943093
  block_count: 0.15489266516148237
  pass_count: 0.15411955742563024
  dribble_count: -0.14197552871955918
  xA: -0.1296773431321244
  penalites_won: 0.12748490736511925
  long_carries: 0.12000164379845878
  ball_recovery_count: 0.11484513852170511
  dispossessed_count: -0.1115049677507151
  duel_count: 0.10889414183521177
  foul_committed_count: 0.09343714687533909
  assists: -0.08356703790169039
  successfull_dribbles: -0.08240022692358985
  pressure_count: 0.07620063967548185
  key_passes: -0.06066005861337554
  fouls_suffered_count: -0.014212351984649587

Főkomponens 3 (PC3):
  goal_count: 0.5200845213644019
  assists: -0.5136990809055562
  xA: -0.3570463985912058
  key_passes: -0.3105475141505777
  xG: 0.24748807586934482
  penalites_won: 0.21620299911053337
  clearance_count: 0.20439428946277213
  on_target: 0.16062605066559066
  interception_count: 0.13165660027127835
  duel_count: 0.12090076101968454
  dribble_count: -0.10007862977007756
  successfull_dribbles: -0.08846520507694895
  long_carries: -0.06386273937059733
  ball_recovery_count: -0.049412544705827885
  shot_count: 0.04179262689453401
  tackle_count: 0.04175672658581963
  pass_count: -0.0347496310989659
  foul_committed_count: 0.03375699583835
  won_duels: 0.03001676751678685
  successfull_pass_count: -0.02968360956373611
  dispossessed_count: -0.028873768443295273
  block_count: 0.02665131045305728
  successful_tackles: 0.025079308844553005
  pressure_count: -0.003798038320569397
  fouls_suffered_count: 0.003530308164051615

Főkomponens 4 (PC4):
  assists: 0.5521172687299641
  successfull_dribbles: -0.5170914593595684
  dribble_count: -0.40874819555023456
  goal_count: 0.3260551441291685
  long_carries: -0.19125008811188213
  penalites_won: 0.16764887738031473
  dispossessed_count: -0.1441896725577153
  key_passes: 0.13672600714058789
  duel_count: 0.13276504395065195
  xG: 0.08349779450054526
  fouls_suffered_count: -0.07468327719178651
  block_count: 0.0672099964889218
  won_duels: 0.05830489352682681
  xA: 0.05496238645562822
  pressure_count: 0.04887920363055585
  pass_count: 0.045038680613229534
  successfull_pass_count: 0.044858061679998486
  on_target: -0.030248641862324697
  successful_tackles: 0.025545707497404604
  tackle_count: 0.02073387559476189
  interception_count: 0.018365202321156935
  ball_recovery_count: -0.016850550821371466
  shot_count: -0.0075036650970547875
  foul_committed_count: -0.0023401969446504786
  clearance_count: 0.0021426366085123168

