Real Madrid - PCA eredmények

Magyarázott variancia arányok:
[0.71732897 0.17257154 0.04717379 0.02411865]
Összegzett variancia arány: 0.9611929526115177

Főkomponens 1 (PC1):
  goal_count: 0.5771406237804304
  xG: 0.47590126223112345
  on_target: 0.4339058726404217
  shot_count: 0.3292858869278283
  assists: 0.25321041144703677
  xA: 0.15113883852294152
  key_passes: 0.12106864076319948
  dribble_count: 0.11614090550513315
  successfull_dribbles: 0.11419539717868071
  dispossessed_count: 0.0715987950797648
  long_carries: 0.06601793402621549
  fouls_suffered_count: 0.05162948781535216
  penalites_won: 0.03169987358320169
  clearance_count: -0.022579938268296604
  interception_count: -0.02027757424830816
  pass_count: 0.019292421069375756
  successfull_pass_count: 0.015861618901800045
  duel_count: 0.014277244154085083
  pressure_count: 0.01426112266748992
  ball_recovery_count: 0.011073840477532716
  tackle_count: -0.010561055532556119
  won_duels: -0.009989384285693185
  foul_committed_count: 0.009584924304502453
  block_count: -0.005403090041481035
  successful_tackles: -0.003938483758332924

Főkomponens 2 (PC2):
  assists: 0.36483771421969474
  xA: 0.32211521111293095
  key_passes: 0.31742969015617484
  successfull_dribbles: 0.2559092194123759
  interception_count: 0.24871934334815893
  successfull_pass_count: 0.23974798059301894
  successful_tackles: 0.23304339712189803
  dribble_count: 0.221423957108928
  won_duels: 0.2113155288129457
  pass_count: 0.20771797973257625
  long_carries: 0.19755980454951994
  fouls_suffered_count: 0.19713081244325067
  xG: -0.19591833837680514
  goal_count: -0.19139744716099513
  tackle_count: 0.17160420456494274
  pressure_count: 0.14610660847725798
  ball_recovery_count: 0.1283789692323019
  on_target: -0.12586617708324704
  foul_committed_count: 0.10959621128743009
  block_count: 0.10447639051440583
  dispossessed_count: 0.09651362037498555
  duel_count: 0.09204665020946552
  penalites_won: 0.0908148442427121
  shot_count: -0.03762684228971216
  clearance_count: -0.0012841839684813144

Főkomponens 3 (PC3):
  assists: 0.4066152425399529
  interception_count: -0.3705702878675197
  clearance_count: -0.3536633516766494
  xA: 0.2795862797413782
  block_count: -0.23537988238150576
  successfull_pass_count: -0.22861708077989323
  xG: -0.22222578088371733
  penalites_won: -0.20739574135436503
  won_duels: -0.1983996669517063
  pass_count: -0.19263282398022138
  key_passes: 0.19027185932959045
  tackle_count: -0.18348377542053587
  foul_committed_count: -0.17002154350084275
  shot_count: -0.14356633806745447
  dribble_count: 0.12777593284599825
  duel_count: -0.1265723515019854
  successful_tackles: -0.10965987813888733
  successfull_dribbles: 0.10939611278654704
  ball_recovery_count: -0.10455383383973986
  long_carries: -0.09868992000354355
  fouls_suffered_count: -0.09801730215339817
  on_target: -0.07005283809387085
  pressure_count: -0.059679106544459765
  dispossessed_count: 0.054461356429851004
  goal_count: -0.010811835993446376

Főkomponens 4 (PC4):
  successfull_dribbles: 0.5830954174754103
  dribble_count: 0.49197903789686653
  assists: -0.4877609301244528
  goal_count: -0.1822091427034758
  dispossessed_count: 0.17797820571854306
  xG: 0.15572777211603472
  won_duels: -0.12215451702140581
  long_carries: 0.11105564971797889
  pressure_count: -0.10567938749787861
  tackle_count: -0.09149499803345196
  shot_count: 0.08960262240410682
  fouls_suffered_count: 0.08287788313249198
  clearance_count: -0.07359963367420158
  interception_count: -0.06786145133701589
  foul_committed_count: -0.06618484369285674
  xA: -0.057525147354479486
  block_count: -0.053889939948702795
  successfull_pass_count: -0.0469672846753905
  duel_count: -0.041498607965418495
  key_passes: -0.03413903014150148
  ball_recovery_count: 0.03249974984657564
  pass_count: -0.029885131907059923
  on_target: -0.02645275625290276
  successful_tackles: -0.02176819782356911
  penalites_won: -0.01984648430843409

