Real Betis - PCA eredmények

Magyarázott variancia arányok:
[0.47037592 0.27931605 0.13945725 0.03854446]
Összegzett variancia arány: 0.927693682672403

Főkomponens 1 (PC1):
  goal_count: 0.3225263125836
  xG: 0.30453733437449804
  fouls_suffered_count: 0.2761265498487585
  on_target: 0.268409726411016
  dribble_count: 0.2566182212778928
  successfull_dribbles: 0.24624297345018428
  shot_count: 0.22940637912742362
  dispossessed_count: 0.21218337031385298
  interception_count: 0.19532167925573488
  assists: 0.18622097632977422
  penalites_won: 0.18447746935684287
  xA: 0.17262927333482642
  long_carries: 0.17090912527930816
  won_duels: 0.1684287740679551
  key_passes: 0.1664648544069779
  duel_count: 0.16560965947529818
  foul_committed_count: 0.16119839846090037
  tackle_count: 0.1606475365410355
  pressure_count: 0.16028315449195282
  successful_tackles: 0.158698917021964
  block_count: 0.14689872105498403
  ball_recovery_count: 0.14419672112955376
  successfull_pass_count: 0.12298738950798772
  pass_count: 0.11800823956108535
  clearance_count: 0.08565798871165917

Főkomponens 2 (PC2):
  goal_count: 0.450993068880064
  xG: 0.3912779177504471
  on_target: 0.32573928630680316
  interception_count: -0.2776413072028474
  clearance_count: -0.26538638832457623
  won_duels: -0.26301520810225854
  tackle_count: -0.24955194579468276
  successful_tackles: -0.24109420573254564
  shot_count: 0.19148075608753581
  block_count: -0.16630025850415595
  foul_committed_count: -0.15301259999415218
  pressure_count: -0.1493171029643533
  duel_count: -0.12965798918316648
  assists: 0.10806107690433761
  successfull_dribbles: -0.1068312658492989
  ball_recovery_count: -0.09412606909540364
  long_carries: -0.09134319949804803
  successfull_pass_count: -0.08776816448693352
  dribble_count: -0.07757747221542162
  pass_count: -0.075296490754447
  penalites_won: -0.07217270485887156
  dispossessed_count: -0.057107564812969164
  fouls_suffered_count: -0.05028554251396179
  key_passes: 0.04329731851354834
  xA: 0.03013770502326435

Főkomponens 3 (PC3):
  clearance_count: 0.5467504087264746
  successfull_dribbles: -0.3515485969324422
  dribble_count: -0.344694790288426
  interception_count: 0.2728289033533759
  goal_count: 0.2628282826880577
  dispossessed_count: -0.22386418122121482
  key_passes: -0.21946386761971862
  xG: 0.20128133569552165
  fouls_suffered_count: -0.20021127491256344
  xA: -0.1927669459375018
  assists: -0.1372146364828836
  on_target: 0.12680600068949455
  duel_count: 0.11235100296719584
  block_count: 0.10263795593791866
  shot_count: 0.09396268003621251
  won_duels: 0.09231895883850602
  long_carries: -0.09188737104974547
  tackle_count: 0.08448025102763129
  successful_tackles: 0.050434284506468155
  foul_committed_count: 0.04411962648498528
  successfull_pass_count: 0.03800688867510156
  pass_count: 0.03531015363451364
  ball_recovery_count: -0.023068073281211937
  penalites_won: 0.020019960411333422
  pressure_count: -0.0002351081589766954

Főkomponens 4 (PC4):
  clearance_count: 0.5347199212186067
  assists: 0.3482626024691511
  key_passes: 0.316384707394373
  penalites_won: -0.2650628324968681
  pressure_count: -0.22679426264152214
  fouls_suffered_count: -0.22345330028941393
  won_duels: -0.21452298765593725
  interception_count: 0.19834708111838603
  successfull_dribbles: 0.1968232172856445
  successful_tackles: -0.17949798339777662
  foul_committed_count: -0.1792832601723099
  dribble_count: 0.17666423531746583
  xA: 0.17384173741784503
  tackle_count: -0.16438098428962375
  goal_count: -0.11985103490406228
  xG: -0.10770287555189116
  duel_count: -0.09020475251876141
  shot_count: 0.061454073773303315
  ball_recovery_count: -0.045069126647166655
  on_target: 0.04365122863487944
  pass_count: 0.035693558402014214
  block_count: -0.019650497395202596
  long_carries: 0.019296325692733856
  successfull_pass_count: 0.01582573112095402
  dispossessed_count: 0.007104432649732878

