Sevilla - PCA eredmények

Magyarázott variancia arányok:
[0.58208515 0.22000961 0.09112166 0.03213638]
Összegzett variancia arány: 0.9253528050378264

Főkomponens 1 (PC1):
  xG: 0.35020786901303796
  xA: 0.34385259048366673
  goal_count: 0.3282621197472745
  on_target: 0.3118555881410344
  dribble_count: 0.2397817819181802
  successfull_dribbles: 0.23745146468962536
  shot_count: 0.23102133097088023
  key_passes: 0.22823498427576439
  assists: 0.22464183748182803
  dispossessed_count: 0.1925046034727545
  fouls_suffered_count: 0.19056504210402286
  long_carries: 0.16276798903627404
  successful_tackles: 0.15804059276516103
  foul_committed_count: 0.14682986921214722
  penalites_won: 0.1383854296851855
  pressure_count: 0.13551720855000787
  duel_count: 0.13380559074710605
  won_duels: 0.12262366451538267
  interception_count: 0.11993729748770461
  tackle_count: 0.11712080210426694
  block_count: 0.10048630274701204
  ball_recovery_count: 0.09941285008249959
  pass_count: 0.09803549287433366
  successfull_pass_count: 0.0941253803586649
  clearance_count: 0.029898959503753115

Főkomponens 2 (PC2):
  goal_count: 0.4337720470766454
  xG: 0.38977776899197203
  interception_count: -0.29070854470059787
  successful_tackles: -0.254007290963175
  on_target: 0.24693411873888385
  won_duels: -0.2352589759635668
  tackle_count: -0.2328097435971744
  fouls_suffered_count: -0.22578460702170733
  foul_committed_count: -0.1921202941868991
  clearance_count: -0.18688368051742033
  successfull_pass_count: -0.1820000206995676
  penalites_won: -0.17786371513084834
  pass_count: -0.1713173419677183
  block_count: -0.16114283477907054
  long_carries: -0.15514854521743096
  ball_recovery_count: -0.1403807042249978
  shot_count: 0.10887362062548539
  pressure_count: -0.10851082302897523
  successfull_dribbles: -0.10703542234252619
  duel_count: -0.0929052136409594
  dribble_count: -0.0704012890085156
  xA: 0.055026628287768234
  key_passes: -0.0434839575071515
  assists: 0.009168870706383444
  dispossessed_count: -0.004089896801345584

Főkomponens 3 (PC3):
  xG: 0.35751001599421556
  xA: -0.3475726430430892
  clearance_count: 0.3362732754066183
  successfull_dribbles: -0.321117122834314
  key_passes: -0.31197511433426994
  dribble_count: -0.3100055869917323
  goal_count: 0.2741635588131387
  interception_count: 0.2724052055117877
  assists: -0.18224236188702292
  duel_count: 0.1708305382808788
  penalites_won: 0.16745207560206268
  foul_committed_count: 0.1370684540694626
  won_duels: 0.12432113886267979
  block_count: 0.11894943124951343
  tackle_count: 0.10952991204764388
  dispossessed_count: -0.1088747436330409
  successfull_pass_count: 0.09510708216667196
  pass_count: 0.07406960399037212
  long_carries: -0.06698947821295213
  pressure_count: 0.0599059901014818
  shot_count: 0.05284169451105787
  ball_recovery_count: 0.04633189433065832
  on_target: 0.031156974033822945
  fouls_suffered_count: -0.024563635216946784
  successful_tackles: 0.024128849370361784

Főkomponens 4 (PC4):
  clearance_count: 0.41508418784434803
  successful_tackles: -0.3613104268750888
  assists: 0.3173686317541669
  long_carries: 0.2767029118693308
  fouls_suffered_count: -0.27588573097526575
  xA: 0.26954812136079137
  won_duels: -0.2318476550548296
  pass_count: 0.19947573075172545
  successfull_dribbles: -0.19327393910435697
  successfull_pass_count: 0.18230690389310197
  interception_count: 0.1770952277058014
  goal_count: -0.17583235293347416
  key_passes: 0.16236694129769585
  dispossessed_count: -0.16117232802971176
  tackle_count: -0.15661422973191236
  pressure_count: -0.13840164538204877
  foul_committed_count: -0.10750774557636132
  shot_count: 0.10620311042270797
  ball_recovery_count: 0.09370107486482117
  dribble_count: -0.08377273079122324
  block_count: 0.07423747155313211
  duel_count: -0.04074625850279176
  on_target: -0.03509240627594875
  penalites_won: -0.031702362366172666
  xG: 0.024976498358075066

