Sporting Gijón - PCA eredmények

Magyarázott variancia arányok:
[0.49516467 0.25988993 0.0991687  0.06337229]
Összegzett variancia arány: 0.9175955929659628

Főkomponens 1 (PC1):
  dribble_count: 0.3430029335522955
  successfull_dribbles: 0.3037559908530722
  assists: 0.2779419698717289
  xA: 0.2602341385549527
  dispossessed_count: 0.24343870755524413
  goal_count: 0.22564557202293964
  shot_count: 0.21113129066574984
  xG: 0.20935079453091124
  interception_count: 0.2053932597567621
  fouls_suffered_count: 0.20419903404211853
  long_carries: 0.20204265692027723
  key_passes: 0.19401699592803948
  on_target: 0.18644886721461237
  duel_count: 0.16789312413136995
  pressure_count: 0.1657646803248156
  successful_tackles: 0.1593579961800323
  penalites_won: 0.15698900148244585
  block_count: 0.15644714368473114
  won_duels: 0.14841820971754655
  tackle_count: 0.1466634264185773
  foul_committed_count: 0.14557779257789671
  ball_recovery_count: 0.1449520302477831
  pass_count: 0.12428444171412457
  successfull_pass_count: 0.11792868409451501
  clearance_count: 0.06431503569315652

Főkomponens 2 (PC2):
  interception_count: 0.49472783707449935
  clearance_count: 0.42078342905891886
  successful_tackles: 0.26530020154034245
  tackle_count: 0.24939800302561374
  goal_count: -0.2449674993550078
  won_duels: 0.244224600896266
  xG: -0.24156854889359924
  dribble_count: -0.19036007287401907
  on_target: -0.16185983316721986
  block_count: 0.1591350497501277
  shot_count: -0.15468006639136123
  successfull_pass_count: 0.15157613860471306
  dispossessed_count: -0.14561795786966894
  pass_count: 0.14299210987722358
  successfull_dribbles: -0.13167628471412676
  assists: -0.1262083015051809
  foul_committed_count: 0.12611169790727692
  ball_recovery_count: 0.09815272476487642
  duel_count: 0.09017809231955805
  penalites_won: 0.08842486443219036
  pressure_count: 0.08491903076656296
  xA: -0.0813117263257172
  fouls_suffered_count: -0.04943010503511789
  key_passes: -0.014271611683553535
  long_carries: -0.007328932295187292

Főkomponens 3 (PC3):
  xG: 0.49470657096138804
  goal_count: 0.47774432612362006
  assists: -0.4151185904275423
  duel_count: 0.3003683223651599
  xA: -0.22732229504109153
  dribble_count: -0.2263260947648873
  successfull_dribbles: -0.16974704219872747
  on_target: 0.16168271690337377
  clearance_count: 0.15189879637380352
  key_passes: -0.1504926852504992
  penalites_won: 0.14653631408955214
  foul_committed_count: 0.12718724777665477
  long_carries: -0.09659667789422227
  shot_count: 0.06791700974190451
  ball_recovery_count: -0.058693985305779454
  pressure_count: 0.05184821551132595
  interception_count: 0.030648946208225843
  dispossessed_count: -0.02915323277295442
  pass_count: -0.02784764855174566
  block_count: 0.01760488679135436
  won_duels: -0.0116929777244591
  fouls_suffered_count: -0.008368805903141794
  tackle_count: -0.007156231632257929
  successful_tackles: 0.006493257833183909
  successfull_pass_count: -0.0021069255475384212

Főkomponens 4 (PC4):
  clearance_count: 0.46281586615181425
  interception_count: 0.43858873070438975
  successful_tackles: -0.36612709492628887
  won_duels: -0.34824398953856606
  tackle_count: -0.32100596427160777
  foul_committed_count: -0.27152197634168795
  pressure_count: -0.229927141658162
  duel_count: -0.19824353042661236
  shot_count: 0.1209887780433787
  xG: 0.09861627101851127
  on_target: 0.09158296657440004
  block_count: -0.08388209699887994
  dribble_count: 0.08025418681459741
  long_carries: 0.07744925912330487
  pass_count: 0.07588716496098928
  successfull_pass_count: 0.07021803799161148
  xA: 0.03571967331411375
  fouls_suffered_count: -0.03554059130468654
  key_passes: 0.03286168773438128
  assists: 0.030783035009788504
  successfull_dribbles: 0.02716862682484201
  dispossessed_count: 0.022156202841282127
  ball_recovery_count: 0.013446869055732558
  penalites_won: 0.012317872594501083
  goal_count: 0.011778045610285502

