Valencia - PCA eredmények

Magyarázott variancia arányok:
[0.53251087 0.25601416 0.10420716 0.02933104]
Összegzett variancia arány: 0.9220632381989683

Főkomponens 1 (PC1):
  goal_count: 0.30024156434224064
  assists: 0.2816643333427744
  xG: 0.2669495359008798
  dribble_count: 0.25526855914893115
  on_target: 0.2537982386953591
  successfull_dribbles: 0.24979963219728585
  fouls_suffered_count: 0.23298871371478452
  dispossessed_count: 0.22778786720036043
  shot_count: 0.21243520769997642
  pressure_count: 0.20800010309708233
  xA: 0.19158496033545516
  key_passes: 0.18596410258286167
  foul_committed_count: 0.18018997148457522
  long_carries: 0.17719393206762435
  duel_count: 0.17676699583225752
  successful_tackles: 0.17571307540071684
  interception_count: 0.17202738115022895
  won_duels: 0.1686618778937604
  tackle_count: 0.15086093046495372
  successfull_pass_count: 0.14842464798691785
  block_count: 0.14057835758753415
  pass_count: 0.14023684009367804
  ball_recovery_count: 0.13209062905527125
  penalites_won: 0.09453418970298441
  clearance_count: 0.08246965770096883

Főkomponens 2 (PC2):
  xG: 0.3740978097632469
  goal_count: 0.36270291774144064
  interception_count: -0.3611688557986423
  clearance_count: -0.2856046770855505
  on_target: 0.24949550198936343
  tackle_count: -0.24843560384691424
  successful_tackles: -0.23632957023627113
  won_duels: -0.22323708067639875
  assists: 0.2177173646016933
  xA: 0.17575197983066473
  shot_count: 0.172959703265168
  successfull_pass_count: -0.16028179218515404
  foul_committed_count: -0.15755710452668348
  block_count: -0.15281726073813837
  pass_count: -0.14210322227263558
  penalites_won: -0.13279180834881504
  long_carries: -0.12420462706943393
  ball_recovery_count: -0.11384311196956791
  key_passes: 0.10253865774405924
  duel_count: -0.09327333461055982
  successfull_dribbles: -0.07936752050970967
  pressure_count: -0.07764148175534312
  fouls_suffered_count: -0.06639704104726146
  dribble_count: -0.0490726622467339
  dispossessed_count: 0.013610099433896093

Főkomponens 3 (PC3):
  clearance_count: 0.41377977709153896
  successfull_dribbles: -0.4096361824804765
  dribble_count: -0.40928733382734606
  xG: 0.34902739359534435
  goal_count: 0.3208112255088613
  interception_count: 0.276112974217842
  dispossessed_count: -0.241793902448923
  fouls_suffered_count: -0.1689435266513555
  long_carries: -0.12006166483497689
  xA: -0.11064769860752327
  won_duels: 0.10118446787457838
  tackle_count: 0.09899929433897835
  key_passes: -0.09575875792533875
  duel_count: 0.09142945450270112
  block_count: 0.086072262854092
  on_target: 0.08307286960487005
  shot_count: 0.08253219168107408
  assists: -0.07936199817043439
  successful_tackles: 0.06639619454433933
  penalites_won: 0.057496985679142236
  foul_committed_count: -0.04476545858708902
  successfull_pass_count: 0.04420167162325138
  pass_count: 0.03473138082609339
  ball_recovery_count: -0.02756502035877886
  pressure_count: -0.014151061970428376

Főkomponens 4 (PC4):
  fouls_suffered_count: 0.4316873399514875
  assists: -0.4198164889618774
  clearance_count: -0.34270095119218624
  pressure_count: 0.316446214881802
  successfull_dribbles: -0.3159699889202318
  interception_count: -0.28041395010543646
  penalites_won: 0.2467609506010841
  dribble_count: -0.21654404770783145
  foul_committed_count: 0.18625863269936455
  dispossessed_count: 0.1484001270559462
  goal_count: 0.1369692593835055
  xA: -0.12844724960579706
  won_duels: 0.09835948601905284
  tackle_count: 0.06498435410340866
  ball_recovery_count: 0.06359731747217459
  block_count: 0.06282762278871887
  duel_count: 0.05712575941399036
  long_carries: -0.05670781190109996
  successfull_pass_count: 0.055974033934665324
  on_target: 0.05393348226249932
  successful_tackles: -0.04617689945932345
  key_passes: 0.04185992978220909
  xG: -0.041729615651002444
  pass_count: 0.03518393730268128
  shot_count: -0.017837982471956774

