Villarreal - PCA eredmények

Magyarázott variancia arányok:
[0.50731849 0.24816773 0.08246694 0.06559567]
Összegzett variancia arány: 0.9035488352321057

Főkomponens 1 (PC1):
  assists: 0.3658370845354103
  goal_count: 0.2934904708015297
  xA: 0.289109548915447
  on_target: 0.27226695547329255
  xG: 0.2572144712046595
  dribble_count: 0.2428951678387051
  fouls_suffered_count: 0.22188771425541148
  successfull_dribbles: 0.2200704326223256
  shot_count: 0.21750310216542018
  key_passes: 0.20782631552669567
  dispossessed_count: 0.19947548093752013
  penalites_won: 0.19341007129552765
  foul_committed_count: 0.1772228016538392
  pressure_count: 0.16808635225759844
  block_count: 0.16165963891831855
  duel_count: 0.15621962480988538
  successful_tackles: 0.14481832532343833
  long_carries: 0.14318970930007674
  interception_count: 0.13947694012104614
  won_duels: 0.11740591001610053
  tackle_count: 0.11277153853865651
  pass_count: 0.10621548823675557
  ball_recovery_count: 0.10256521915612117
  successfull_pass_count: 0.10091496878228545
  clearance_count: 0.0466645689702199

Főkomponens 2 (PC2):
  interception_count: 0.47344734689642015
  clearance_count: 0.394371169294464
  assists: -0.2863905430081055
  tackle_count: 0.2502791636086013
  block_count: 0.24296805577877012
  successfull_pass_count: 0.22845132460815007
  goal_count: -0.2233633914371771
  won_duels: 0.21970176412252335
  successful_tackles: 0.2186524670328054
  pass_count: 0.2091693240074331
  xG: -0.17774439241680406
  ball_recovery_count: 0.16902155874517225
  xA: -0.1626793664125928
  long_carries: 0.1577255201729706
  on_target: -0.14962684161403758
  duel_count: 0.13096141949789483
  foul_committed_count: 0.07682351580260839
  penalites_won: 0.06630130064737688
  pressure_count: 0.062287060252208336
  dispossessed_count: -0.05218647476780039
  dribble_count: -0.048640605119400854
  key_passes: -0.0480754925355535
  shot_count: -0.03911590043384221
  fouls_suffered_count: -0.017776082686532385
  successfull_dribbles: -0.015784291089464848

Főkomponens 3 (PC3):
  goal_count: 0.5570743447375432
  xG: 0.3838194464835467
  dribble_count: -0.3021336156756646
  clearance_count: 0.24564485119104515
  penalites_won: -0.2271136575653307
  key_passes: -0.22530145567520177
  xA: -0.20787902360636573
  successfull_dribbles: -0.20634611566659886
  on_target: 0.20433130070883598
  dispossessed_count: -0.18660805929702404
  interception_count: 0.146398168519542
  successful_tackles: -0.1392317645881858
  fouls_suffered_count: -0.13272768428407625
  successfull_pass_count: 0.11237164189150413
  foul_committed_count: 0.10403169437688228
  shot_count: 0.08661396473760795
  duel_count: 0.08595126197099064
  pass_count: 0.08410811300214746
  pressure_count: -0.08166521072052907
  assists: -0.06533464578767914
  block_count: -0.0633239945432004
  won_duels: -0.06322868905984284
  tackle_count: -0.04868182075072804
  long_carries: -0.02853846510789749
  ball_recovery_count: 0.006228691173066356

Főkomponens 4 (PC4):
  assists: 0.6608908196939104
  dribble_count: -0.3001206248627147
  dispossessed_count: -0.28200030921323693
  clearance_count: 0.27256927904884853
  penalites_won: 0.2677687305775913
  successfull_dribbles: -0.24979932868422458
  goal_count: -0.20309617286697582
  xA: 0.19734890360520477
  xG: -0.14354320829471917
  shot_count: -0.1228614887257526
  pressure_count: -0.12220879475650978
  long_carries: -0.10510079061792701
  interception_count: 0.09235175650157702
  successful_tackles: -0.090828848311314
  key_passes: -0.08079170529436598
  block_count: -0.06973422847738685
  fouls_suffered_count: 0.059039243454936434
  ball_recovery_count: -0.05877563212071332
  won_duels: -0.051152169060144276
  foul_committed_count: 0.0493590857385812
  on_target: -0.033469223965726456
  successfull_pass_count: 0.032759573036282956
  pass_count: 0.03077672832434698
  duel_count: 0.006688306715100668
  tackle_count: -0.003203623926623749

