AC Milan - PCA eredmények

Magyarázott variancia arányok:
[0.60161832 0.2246403  0.0746651  0.02973979]
Összegzett variancia arány: 0.930663515535775

Főkomponens 1 (PC1):
  on_target: 0.3092110908008563
  xG: 0.30681539634722116
  shot_count: 0.29198949324036855
  goal_count: 0.2774719339402113
  xA: 0.25334186637778083
  key_passes: 0.25216436479184656
  assists: 0.2388070578798505
  successfull_dribbles: 0.2385939924628758
  dribble_count: 0.23629035382855273
  dispossessed_count: 0.21865456011562376
  fouls_suffered_count: 0.20726062611514967
  long_carries: 0.1903808409260585
  block_count: 0.1563739775300574
  pressure_count: 0.15214295376092118
  successful_tackles: 0.14591358909219404
  foul_committed_count: 0.14533564643088837
  ball_recovery_count: 0.1441747902573981
  duel_count: 0.1334428258970464
  won_duels: 0.12747622124436755
  pass_count: 0.12438275515437393
  successfull_pass_count: 0.1231744477264979
  tackle_count: 0.120636540405397
  penalites_won: 0.11868047370086271
  interception_count: 0.11387310302138699
  clearance_count: 0.07955643424927576

Főkomponens 2 (PC2):
  goal_count: 0.37857736886808774
  xG: 0.34195419817917383
  successful_tackles: -0.3020412223977586
  won_duels: -0.29954321905094217
  clearance_count: -0.28635793761046024
  tackle_count: -0.2652090759218463
  on_target: 0.2594590193060972
  interception_count: -0.2516597603992946
  successfull_pass_count: -0.21792451773356322
  pass_count: -0.19932831405351772
  block_count: -0.1916474901531649
  penalites_won: -0.15794575800686464
  ball_recovery_count: -0.15483215560959868
  long_carries: -0.14105683613614164
  shot_count: 0.13960490141302737
  pressure_count: -0.1232428492744156
  duel_count: -0.11484041840606603
  foul_committed_count: -0.10565681188549231
  fouls_suffered_count: -0.09783269130303715
  xA: 0.06911731552393204
  dispossessed_count: 0.06461489054163509
  assists: 0.05904857845996807
  key_passes: 0.04365182957513718
  successfull_dribbles: -0.009061210067439212
  dribble_count: -0.002596555120936376

Főkomponens 3 (PC3):
  goal_count: 0.5583756572782304
  clearance_count: 0.4022717189134846
  assists: -0.3143497387026676
  xG: 0.27834637952650715
  successfull_dribbles: -0.22800439906583322
  dribble_count: -0.22116897489265366
  xA: -0.2114844445018254
  key_passes: -0.19457196786203987
  penalites_won: 0.19261261344473266
  fouls_suffered_count: -0.17248385297115676
  duel_count: 0.14957106875671367
  shot_count: -0.12247870031157765
  dispossessed_count: -0.11757953906691512
  long_carries: -0.08740922824344263
  tackle_count: 0.08587842320711843
  interception_count: 0.08354497868753993
  block_count: 0.08209752134950588
  successfull_pass_count: 0.07884515792850577
  won_duels: 0.06704540500284722
  pass_count: 0.05716548888988527
  pressure_count: 0.05628901164291472
  on_target: 0.0377755343663406
  foul_committed_count: 0.0347316300452941
  ball_recovery_count: -0.006023084770804959
  successful_tackles: 0.00392552619475463

Főkomponens 4 (PC4):
  clearance_count: 0.47923301842723726
  successful_tackles: -0.43296137091148246
  won_duels: -0.34024435997227354
  assists: 0.264868124654662
  long_carries: 0.2562973045689134
  tackle_count: -0.24873430153715084
  successfull_pass_count: 0.19801238753242484
  interception_count: 0.1867262759239138
  ball_recovery_count: 0.1764252483327789
  pass_count: 0.1693933082710657
  pressure_count: -0.1422856147628077
  fouls_suffered_count: -0.12938057794149013
  xG: -0.12337446070443653
  shot_count: 0.12121722752329751
  dribble_count: -0.10963430484525634
  duel_count: -0.10721301699853342
  on_target: 0.10113886284101918
  dispossessed_count: -0.1000081964827185
  goal_count: -0.09465723019075972
  foul_committed_count: -0.09062603918512387
  block_count: 0.060867684119876246
  penalites_won: -0.05046479900276968
  key_passes: 0.028814880548555452
  xA: 0.023867931557500027
  successfull_dribbles: -0.006094763995658887

