AS Roma - PCA eredmények

Magyarázott variancia arányok:
[0.67128536 0.16698163 0.06897931 0.03232486]
Összegzett variancia arány: 0.9395711602275653

Főkomponens 1 (PC1):
  goal_count: 0.37565209322477655
  assists: 0.34064448398462094
  on_target: 0.29351806415323134
  key_passes: 0.28313404797402264
  xG: 0.28003171998038606
  xA: 0.27332635001550554
  shot_count: 0.2730496341747916
  dispossessed_count: 0.20416619368025424
  long_carries: 0.17902614392506072
  dribble_count: 0.1749563248770925
  successfull_pass_count: 0.16612304496255734
  successfull_dribbles: 0.16302707159576965
  pass_count: 0.161057892310892
  fouls_suffered_count: 0.1534908041920691
  pressure_count: 0.15170830900899906
  foul_committed_count: 0.12927517614638914
  block_count: 0.1267564128407562
  ball_recovery_count: 0.1257090952110718
  penalites_won: 0.12165483339367014
  interception_count: 0.11953360865615635
  duel_count: 0.10779868000518521
  successful_tackles: 0.09220401643935407
  tackle_count: 0.09135389840893444
  won_duels: 0.0907838783372112
  clearance_count: 0.058611006014391065

Főkomponens 2 (PC2):
  clearance_count: 0.4001264257599938
  successfull_pass_count: 0.29818958000356377
  xG: -0.29706868739058945
  pass_count: 0.26679283867178916
  block_count: 0.2620672964406372
  interception_count: 0.2580766204244412
  goal_count: -0.23831301777871497
  foul_committed_count: 0.21519614678001714
  tackle_count: 0.2102167249074731
  penalites_won: 0.20869229487161625
  ball_recovery_count: 0.19482055750917848
  on_target: -0.1899999710265595
  won_duels: 0.1857686172321715
  long_carries: 0.17698206186869728
  successful_tackles: 0.1717402336524299
  assists: -0.17098700727161262
  shot_count: -0.11636459430000443
  pressure_count: 0.11568616770064145
  duel_count: 0.1150454984785693
  dispossessed_count: -0.09358288075060141
  dribble_count: -0.08197722232528554
  fouls_suffered_count: 0.06774256680222474
  successfull_dribbles: -0.061790931460168175
  xA: -0.046493393857247135
  key_passes: -0.024485189443388383

Főkomponens 3 (PC3):
  assists: 0.6157052580965332
  xG: -0.45225224205595543
  xA: 0.2978342698108983
  key_passes: 0.293959658768562
  shot_count: -0.23513204861229042
  on_target: -0.19675958284512116
  clearance_count: -0.17885305634499524
  goal_count: -0.16867093263549193
  duel_count: -0.15966897459531146
  penalites_won: -0.12541652271042175
  fouls_suffered_count: -0.09606023001120638
  foul_committed_count: -0.08888024671206221
  dispossessed_count: -0.07688171401988433
  successfull_pass_count: 0.06974094880041173
  pass_count: 0.0687783924841119
  ball_recovery_count: -0.06379589749569864
  interception_count: 0.04458586009719638
  tackle_count: -0.043388678718650764
  won_duels: -0.04090999241070744
  successfull_dribbles: 0.036178658174777965
  successful_tackles: -0.030334046775346967
  long_carries: 0.027645091924315735
  pressure_count: 0.01834690409761651
  dribble_count: -0.004192644374599014
  block_count: 0.0006109629603762951

Főkomponens 4 (PC4):
  assists: 0.5254778349020168
  penalites_won: 0.3774594016897529
  xG: 0.3127391291778303
  dribble_count: -0.2781949621065408
  dispossessed_count: -0.2689190078860664
  successfull_dribbles: -0.24169815469990946
  clearance_count: 0.2123605945023775
  foul_committed_count: 0.18637984232578064
  goal_count: -0.18149579506955413
  ball_recovery_count: -0.17528378836695568
  xA: -0.16726055289288833
  successful_tackles: -0.1547249541794756
  key_passes: -0.15364837441124077
  long_carries: -0.14739002628347844
  duel_count: 0.08427307024879603
  interception_count: -0.08043290968229257
  fouls_suffered_count: 0.06731369106460619
  won_duels: -0.06406799961435874
  tackle_count: -0.06202108416395281
  pressure_count: -0.05116809991068562
  on_target: 0.04586733710217954
  shot_count: 0.04229710969199837
  block_count: 0.037396884309036024
  pass_count: -0.021778379322399594
  successfull_pass_count: -0.0167018780914195

