Atalanta - PCA eredmények

Magyarázott variancia arányok:
[0.59846423 0.24577674 0.04230156 0.03180663]
Összegzett variancia arány: 0.9183491573286938

Főkomponens 1 (PC1):
  key_passes: 0.2860250002852965
  assists: 0.26450597610205784
  successfull_dribbles: 0.2544626590705366
  shot_count: 0.248380127154875
  fouls_suffered_count: 0.23503694177139445
  dribble_count: 0.23495874212397597
  xA: 0.23448064062857038
  successful_tackles: 0.23438879734487586
  on_target: 0.22905479842429902
  pressure_count: 0.2044202333320289
  won_duels: 0.1943242136673899
  long_carries: 0.1939817476359429
  xG: 0.1839889607787248
  penalites_won: 0.18226302902514255
  foul_committed_count: 0.17752876832817654
  interception_count: 0.17713117309443527
  goal_count: 0.17599580218319402
  tackle_count: 0.17189529511379323
  dispossessed_count: 0.1655913853649258
  pass_count: 0.14987641239050709
  block_count: 0.1495478822782135
  ball_recovery_count: 0.14909820801828905
  successfull_pass_count: 0.14500536577625728
  duel_count: 0.14441300884986571
  clearance_count: 0.07017411635213557

Főkomponens 2 (PC2):
  won_duels: 0.33962590197452147
  clearance_count: 0.3169662765940614
  successful_tackles: 0.31557421548531084
  tackle_count: 0.3028978825872169
  interception_count: 0.24794701041166733
  assists: -0.23521509939894128
  xA: -0.22929225908231707
  pressure_count: 0.21067606491716548
  xG: -0.20397396921115743
  block_count: 0.19450674430188997
  goal_count: -0.18718250045570284
  foul_committed_count: 0.18600734531873964
  key_passes: -0.17813818209433868
  on_target: -0.17643099997929565
  dribble_count: -0.17102703267356625
  shot_count: -0.16555459629000122
  duel_count: 0.15681535552068668
  successfull_dribbles: -0.14731173169167458
  successfull_pass_count: 0.1293641496606403
  pass_count: 0.11585741955543502
  fouls_suffered_count: -0.09216841148290114
  dispossessed_count: -0.08879326892463717
  ball_recovery_count: 0.08812140156966015
  long_carries: -0.07418367883769778
  penalites_won: 0.06631413327168531

Főkomponens 3 (PC3):
  xG: 0.35012413084262567
  goal_count: 0.3471782860341773
  foul_committed_count: 0.3331068614452018
  duel_count: 0.3305505900026715
  successfull_dribbles: -0.25381603540663134
  long_carries: -0.24860472493860927
  on_target: 0.20247854865078987
  ball_recovery_count: -0.1963129128163375
  pass_count: -0.19483186178992398
  dribble_count: -0.1896586107041219
  interception_count: -0.18495975851983662
  successfull_pass_count: -0.17464750820217473
  shot_count: 0.17245545017473743
  clearance_count: -0.16927365148551182
  pressure_count: 0.16038384029982067
  won_duels: 0.14853108018791486
  block_count: -0.14023846522156772
  assists: -0.13679364226475432
  penalites_won: -0.12984051797068596
  tackle_count: 0.10374093727021956
  key_passes: -0.10143293917423539
  fouls_suffered_count: -0.06678820397901779
  successful_tackles: 0.05992556922663062
  xA: -0.03356058836700459
  dispossessed_count: 0.02461435778695665

Főkomponens 4 (PC4):
  clearance_count: 0.7150231380750004
  goal_count: 0.32645885120055257
  penalites_won: 0.2562216694345322
  pressure_count: -0.23397205412434868
  won_duels: -0.23143079743178652
  successful_tackles: -0.21272049312343722
  xG: 0.19042487054641632
  tackle_count: -0.16461909885944687
  dispossessed_count: -0.13004678224888666
  key_passes: -0.1215155336813854
  block_count: 0.11942309257438909
  shot_count: 0.09935317707671057
  on_target: 0.09260206929130702
  dribble_count: -0.08650617830289786
  assists: -0.08614773301636373
  successfull_dribbles: -0.08564023682335231
  duel_count: 0.0670042737426633
  interception_count: 0.04670749223984341
  successfull_pass_count: 0.04287298516873785
  pass_count: 0.038876372365566486
  long_carries: 0.034425941997664175
  fouls_suffered_count: -0.027873964722000173
  xA: 0.024752093455036202
  foul_committed_count: 0.019419376077061866
  ball_recovery_count: -0.002233905899751927

