Bologna - PCA eredmények

Magyarázott variancia arányok:
[0.54872576 0.23238092 0.0957963  0.03329424]
Összegzett variancia arány: 0.9101972246790512

Főkomponens 1 (PC1):
  dispossessed_count: 0.25486409914179575
  goal_count: 0.236679617824314
  penalites_won: 0.235363983152299
  pressure_count: 0.2320406688368194
  dribble_count: 0.22618037141002778
  shot_count: 0.2215990832452262
  xG: 0.2214434798795398
  fouls_suffered_count: 0.2189538962366866
  foul_committed_count: 0.21324247668971538
  block_count: 0.20544579074940392
  key_passes: 0.20504701987602944
  on_target: 0.201484408451892
  duel_count: 0.19717031634755897
  clearance_count: 0.19423998443663618
  successfull_dribbles: 0.18771283289242735
  long_carries: 0.18653069518031384
  interception_count: 0.1822819954671668
  won_duels: 0.18121128846562526
  tackle_count: 0.17672605960918092
  xA: 0.1709401669275682
  assists: 0.16537041315898146
  successfull_pass_count: 0.1623286980561854
  pass_count: 0.1612602355681065
  ball_recovery_count: 0.16107928280023204
  successful_tackles: 0.1530498997836901

Főkomponens 2 (PC2):
  clearance_count: 0.4588989172867586
  goal_count: -0.2931581023640478
  on_target: -0.2925826932906506
  interception_count: 0.2922156089096272
  won_duels: 0.2600169066664232
  xG: -0.25372601430381264
  dispossessed_count: -0.24684914524448776
  tackle_count: 0.24622069179486109
  shot_count: -0.2137453309699422
  block_count: 0.19518523318731262
  dribble_count: -0.18300038503337332
  successful_tackles: 0.17563898015975063
  successfull_pass_count: 0.17133594429793525
  pass_count: 0.15179345105063047
  xA: -0.11606788452406899
  key_passes: -0.11537001752256364
  ball_recovery_count: 0.11364279790044775
  successfull_dribbles: -0.11334099021016535
  foul_committed_count: 0.09771412854048554
  fouls_suffered_count: -0.08787679292570007
  pressure_count: 0.07072061026822225
  duel_count: 0.05647002212047299
  long_carries: 0.018352545085797714
  penalites_won: -0.00823851246499325
  assists: -0.001647371325536295

Főkomponens 3 (PC3):
  penalites_won: 0.47682518611466945
  clearance_count: 0.4046666493533767
  key_passes: -0.311865161565801
  xG: 0.277541520407666
  successfull_dribbles: -0.23674235459191956
  xA: -0.2311525712282313
  on_target: 0.22939526772205815
  goal_count: 0.21683793246866767
  ball_recovery_count: -0.2032280426136202
  long_carries: -0.17401091147987552
  dribble_count: -0.166873316175504
  dispossessed_count: -0.1617934723777301
  duel_count: 0.15333224981096769
  pressure_count: -0.13778250164823802
  successful_tackles: -0.11246217229763543
  successfull_pass_count: -0.11059832721180415
  pass_count: -0.10913412672149703
  interception_count: -0.09519370972247433
  foul_committed_count: 0.0620110966102428
  shot_count: 0.05789666917050717
  tackle_count: -0.052846120710018235
  won_duels: -0.031196311886297037
  fouls_suffered_count: 0.0224907491704179
  assists: -0.005552750475166942
  block_count: -0.004717675652163046

Főkomponens 4 (PC4):
  goal_count: 0.41868538760861773
  clearance_count: 0.4174636960306054
  xA: 0.28466294833034184
  successful_tackles: -0.2716644740424911
  fouls_suffered_count: -0.2716236035555403
  key_passes: 0.26745883566920786
  pressure_count: -0.23745321234902644
  assists: 0.2361085089409302
  foul_committed_count: -0.22435317953418163
  tackle_count: -0.1761357939848644
  dispossessed_count: -0.1717730900503806
  won_duels: -0.1510626660343417
  pass_count: 0.14823083086675218
  penalites_won: -0.1386676029130181
  duel_count: -0.11585874158969739
  shot_count: -0.10778196432473817
  successfull_pass_count: 0.10739489547433832
  xG: -0.10219250344891159
  successfull_dribbles: 0.07667169735621922
  dribble_count: 0.05906653225298272
  block_count: 0.04556033591500029
  interception_count: 0.0426887564708894
  on_target: -0.0386020739015748
  long_carries: 0.03858415316663917
  ball_recovery_count: -0.0006932614364770135

