Carpi - PCA eredmények

Magyarázott variancia arányok:
[0.61491084 0.17453578 0.06069697 0.03750349]
Összegzett variancia arány: 0.8876470822015508

Főkomponens 1 (PC1):
  successful_tackles: 0.3059587791703612
  penalites_won: 0.2996513256092997
  tackle_count: 0.28141514176958493
  won_duels: 0.2794241183674948
  block_count: 0.26718834410140846
  pressure_count: 0.2581352951993017
  interception_count: 0.2520384394818861
  fouls_suffered_count: 0.24558012976139368
  clearance_count: 0.23651922530765188
  foul_committed_count: 0.22629407670075943
  duel_count: 0.22243882626160508
  ball_recovery_count: 0.21197087286856464
  dribble_count: 0.17319432149403144
  successfull_dribbles: 0.15560424381976692
  pass_count: 0.1404106402072392
  long_carries: 0.13698681730469509
  key_passes: 0.13576901615009682
  shot_count: 0.1306771012240551
  successfull_pass_count: 0.12913879436808984
  dispossessed_count: 0.11668837429317193
  xA: 0.11137292673897112
  on_target: 0.09170552742872293
  xG: 0.08128387386777365
  assists: 0.07374412958625225
  goal_count: 0.0675071377204647

Főkomponens 2 (PC2):
  clearance_count: 0.4269578282437025
  xG: -0.3386317747541251
  on_target: -0.29906388282541296
  goal_count: -0.2897714036526296
  assists: -0.28128496265160613
  dispossessed_count: -0.2607931374368763
  shot_count: -0.2458820214373858
  xA: -0.23643429742415056
  dribble_count: -0.21885322267220203
  interception_count: 0.20319068864285678
  key_passes: -0.1905524901342403
  successfull_dribbles: -0.18495466292968354
  tackle_count: 0.166394059893765
  won_duels: 0.1421347149188187
  block_count: 0.10775853271477973
  fouls_suffered_count: -0.10624384818804555
  penalites_won: 0.09143852746860771
  long_carries: -0.08048679813483088
  successful_tackles: 0.0786100516434039
  pass_count: 0.056142255118753676
  foul_committed_count: -0.05523787297276709
  duel_count: -0.053235664439672044
  successfull_pass_count: 0.050365368171097005
  ball_recovery_count: 0.05034349190801418
  pressure_count: -0.02275571333514569

Főkomponens 3 (PC3):
  clearance_count: 0.6591355395830967
  xG: 0.3401173813599222
  successful_tackles: -0.2978379576010161
  on_target: 0.29782868861402567
  goal_count: 0.2132188983851357
  ball_recovery_count: -0.2081662538985888
  shot_count: 0.19179320265047659
  duel_count: 0.18058580226712478
  dribble_count: -0.1672434286182186
  successfull_dribbles: -0.15047671935611928
  key_passes: -0.10123812599795143
  won_duels: -0.09192540190228914
  long_carries: -0.08672316093049974
  fouls_suffered_count: -0.07237488808902746
  interception_count: -0.07206228667407619
  tackle_count: -0.06775607986930665
  block_count: 0.0637122576470995
  xA: -0.06351308351546796
  foul_committed_count: 0.06264864184106672
  pressure_count: -0.06243186653721436
  pass_count: -0.06018613734156685
  successfull_pass_count: -0.039570549291627524
  penalites_won: 0.030645040475246837
  assists: 0.015369732594608512
  dispossessed_count: -0.011159833708405762

Főkomponens 4 (PC4):
  penalites_won: 0.723789786645371
  fouls_suffered_count: 0.3974610059951517
  xA: -0.21619636866554862
  pressure_count: -0.2112039722103905
  block_count: -0.18884262366839338
  key_passes: -0.18556388562443518
  assists: -0.15875404037282742
  clearance_count: -0.14932039947344974
  duel_count: -0.13611169995330155
  pass_count: -0.12536374430843425
  ball_recovery_count: -0.11969851845435235
  successfull_pass_count: -0.11516981290404513
  interception_count: 0.10656585784082906
  won_duels: -0.08683460274058338
  xG: 0.08066263646059729
  foul_committed_count: -0.07179955978054853
  successful_tackles: -0.07043922930065336
  on_target: 0.06883727903427181
  tackle_count: -0.04743087037873149
  goal_count: 0.042017302882343954
  long_carries: 0.03589073794201344
  shot_count: -0.030962049567172606
  dribble_count: 0.024533285885085902
  successfull_dribbles: 0.01586652203189508
  dispossessed_count: 0.001383746891900679

