Chievo - PCA eredmények

Magyarázott variancia arányok:
[0.51559611 0.22783976 0.07555493 0.06387199]
Összegzett variancia arány: 0.8828627893221167

Főkomponens 1 (PC1):
  assists: 0.25840039314544666
  pressure_count: 0.2543254253141197
  foul_committed_count: 0.24819712155742768
  key_passes: 0.23896526671992385
  dispossessed_count: 0.2326169734613772
  fouls_suffered_count: 0.23054353163489805
  xA: 0.22639434007430825
  shot_count: 0.2187532894697855
  dribble_count: 0.21551230929522866
  successful_tackles: 0.21503614074418412
  block_count: 0.20644325789031465
  won_duels: 0.20494640551619156
  successfull_dribbles: 0.20323534493977957
  penalites_won: 0.20068505450646829
  goal_count: 0.1964233955357387
  tackle_count: 0.1898752877827716
  on_target: 0.18830242138548955
  xG: 0.1877623977224486
  duel_count: 0.18629348019348144
  ball_recovery_count: 0.16090190910780397
  interception_count: 0.1456260524702547
  long_carries: 0.14529520056822284
  pass_count: 0.12471976707520543
  successfull_pass_count: 0.12062307814559552
  clearance_count: 0.07887723469275805

Főkomponens 2 (PC2):
  clearance_count: 0.42820383152227526
  assists: -0.3375735253846952
  goal_count: -0.33705042915686273
  xG: -0.2838313733327426
  interception_count: 0.23607990742153415
  on_target: -0.23461981450721123
  successful_tackles: 0.2145108160685695
  block_count: 0.21022498649390362
  won_duels: 0.19243170440297463
  tackle_count: 0.18777426884292955
  successfull_pass_count: 0.18591066298518277
  xA: -0.18335546491421473
  pass_count: 0.16719221739499593
  ball_recovery_count: 0.1667151612021311
  shot_count: -0.1525301176385513
  key_passes: -0.1475160959849436
  penalites_won: 0.13603982261141132
  foul_committed_count: 0.11003235474381787
  long_carries: 0.09213074588863158
  dispossessed_count: -0.0917037375654121
  pressure_count: 0.0823870394463012
  dribble_count: -0.0724754224456221
  duel_count: 0.0602519721529963
  successfull_dribbles: -0.0508332888569833
  fouls_suffered_count: 0.02284174783307016

Főkomponens 3 (PC3):
  assists: 0.44707189912203776
  penalites_won: -0.40256116885429893
  xG: -0.3267645180087854
  xA: 0.32009141227349536
  fouls_suffered_count: -0.2856059216676337
  key_passes: 0.27914949369157316
  goal_count: -0.2378837342909823
  on_target: -0.18453246343780652
  pass_count: 0.15258167044671556
  shot_count: -0.14771608255537833
  foul_committed_count: -0.14630821897510904
  successfull_pass_count: 0.13842611871783675
  duel_count: -0.13482419535843143
  successfull_dribbles: 0.12576216144023758
  dribble_count: 0.11561592220116604
  long_carries: 0.11522876142426113
  dispossessed_count: -0.10997394759412091
  ball_recovery_count: 0.08135435779367046
  tackle_count: 0.060816118727921864
  successful_tackles: 0.04880313263545427
  won_duels: 0.047902812099586245
  block_count: 0.046271255471276605
  clearance_count: -0.04568301011454479
  interception_count: 0.028901676542825973
  pressure_count: -0.015588156542424961

Főkomponens 4 (PC4):
  clearance_count: 0.6549544730661518
  assists: 0.3146469413478442
  fouls_suffered_count: -0.3126809070000234
  xG: 0.28970175667448816
  goal_count: 0.2766087718674043
  dispossessed_count: -0.2171021790436259
  successful_tackles: -0.20587267230634462
  successfull_dribbles: -0.15819961428657844
  dribble_count: -0.15363284402516528
  block_count: 0.13367851989586133
  won_duels: -0.10508753675871882
  interception_count: 0.09168917030056331
  tackle_count: -0.08501302141226666
  ball_recovery_count: -0.0830090697506727
  successfull_pass_count: 0.08213356494768545
  pass_count: 0.06669165753708597
  key_passes: -0.056980352765261914
  long_carries: -0.050073777395112595
  on_target: 0.04879072588420323
  duel_count: 0.04788347835860139
  pressure_count: -0.043519419813181
  foul_committed_count: -0.024329919919481368
  xA: 0.011236107861422314
  shot_count: -0.0021110962777168324
  penalites_won: 0.000479806995291107

