Empoli - PCA eredmények

Magyarázott variancia arányok:
[0.68745686 0.17383978 0.0532448  0.03071364]
Összegzett variancia arány: 0.9452550778654902

Főkomponens 1 (PC1):
  assists: 0.3079028069087049
  key_passes: 0.298813008699256
  shot_count: 0.2668312366187661
  on_target: 0.26552907323689834
  dribble_count: 0.2600711729294196
  successfull_dribbles: 0.24707333124901132
  fouls_suffered_count: 0.2449732572685337
  xA: 0.24377126564669735
  dispossessed_count: 0.24144487247955182
  goal_count: 0.2369232690070299
  xG: 0.22909113134921671
  pressure_count: 0.17019176052714008
  long_carries: 0.16553280975038917
  successful_tackles: 0.15624666057681572
  foul_committed_count: 0.1510296764830288
  penalites_won: 0.14224439838976677
  won_duels: 0.1409707593104159
  tackle_count: 0.13973500274936065
  successfull_pass_count: 0.1376347687910913
  pass_count: 0.1359603535220878
  block_count: 0.13455056410986443
  ball_recovery_count: 0.13074131578253312
  duel_count: 0.11876768190032659
  interception_count: 0.07840588152193874
  clearance_count: 0.055426595694239876

Főkomponens 2 (PC2):
  clearance_count: 0.35615211482112474
  penalites_won: 0.32152705596077963
  interception_count: 0.28368045636343975
  successfull_pass_count: 0.27364112858425604
  assists: -0.2582110665599973
  goal_count: -0.2546162704913307
  pass_count: 0.24462169761028643
  xG: -0.24376105769520212
  block_count: 0.23765951773761193
  on_target: -0.22023972314376658
  fouls_suffered_count: 0.1943859650998381
  successful_tackles: 0.19321208911465407
  tackle_count: 0.1825427808328104
  won_duels: 0.1697075206609716
  dispossessed_count: -0.16579089321097926
  ball_recovery_count: 0.16327842600452647
  shot_count: -0.1370899127276474
  long_carries: 0.12541018893490974
  duel_count: 0.09677228417463427
  foul_committed_count: 0.07770835324921622
  dribble_count: -0.07325965952332994
  xA: -0.069797878153157
  key_passes: -0.0537355324715621
  pressure_count: 0.05301144272330713
  successfull_dribbles: -0.03775832100027732

Főkomponens 3 (PC3):
  goal_count: 0.5390516502369176
  successfull_dribbles: -0.3713223582961439
  clearance_count: 0.35805219122815224
  dribble_count: -0.2947514188735678
  on_target: 0.25874538988084167
  xG: 0.24832889371269248
  key_passes: -0.22983617408002366
  penalites_won: 0.21781392619989157
  xA: -0.194346823292726
  assists: -0.14034858831329677
  duel_count: 0.11268116704223617
  dispossessed_count: 0.09942783223688319
  long_carries: -0.0981378591801676
  interception_count: 0.08995935059229788
  shot_count: 0.08193055108224391
  won_duels: -0.08134329196510827
  tackle_count: -0.06918194103793207
  foul_committed_count: 0.06782946311678792
  ball_recovery_count: -0.05573883687365501
  pressure_count: -0.047388352210165324
  successful_tackles: -0.029292689357576507
  fouls_suffered_count: 0.024303961664933194
  pass_count: -0.012172966668362931
  block_count: 0.008388084227620593
  successfull_pass_count: -0.008252548587022556

Főkomponens 4 (PC4):
  assists: 0.5888931598516682
  clearance_count: 0.4137776558228894
  successful_tackles: -0.344692776445574
  penalites_won: 0.3083821920634987
  pressure_count: -0.27959293332219737
  foul_committed_count: -0.22541249857905307
  shot_count: -0.15146276698244582
  tackle_count: -0.14448082775756466
  goal_count: -0.13763795787200586
  duel_count: -0.11649315491687935
  block_count: -0.11177725399263701
  long_carries: 0.1098134664661294
  won_duels: -0.10665851603446892
  on_target: -0.10143709286395498
  ball_recovery_count: -0.06525387861895032
  dribble_count: 0.0617672340249484
  fouls_suffered_count: 0.04773241799909415
  key_passes: 0.046386459479723835
  xA: -0.03734144062772532
  xG: 0.031274737742838905
  dispossessed_count: -0.028180850624641214
  successfull_dribbles: 0.025671998161160496
  pass_count: 0.013444655825116987
  successfull_pass_count: 0.006041721735247187
  interception_count: -0.0012957813531799761

