Fiorentina - PCA eredmények

Magyarázott variancia arányok:
[0.54222643 0.24484713 0.1205218  0.02357807]
Összegzett variancia arány: 0.9311734384542285

Főkomponens 1 (PC1):
  key_passes: 0.28405494145094434
  goal_count: 0.27776382909401326
  assists: 0.27345981557710886
  xG: 0.27223703626193946
  fouls_suffered_count: 0.2709135551999458
  xA: 0.2519551386191409
  shot_count: 0.24459440176969724
  on_target: 0.23275674945041896
  successfull_dribbles: 0.23252515536142337
  long_carries: 0.22391772564989734
  dribble_count: 0.21317402889809073
  dispossessed_count: 0.21084473794468203
  penalites_won: 0.18258744788573317
  successfull_pass_count: 0.18020981548110848
  pressure_count: 0.17113236609522928
  pass_count: 0.16482065996851733
  block_count: 0.15272101462022794
  foul_committed_count: 0.14086368177555247
  ball_recovery_count: 0.12901880906826665
  duel_count: 0.11986326055127512
  tackle_count: 0.11106150812632724
  successful_tackles: 0.11064501239572318
  won_duels: 0.10710368679659146
  interception_count: 0.10109425836227201
  clearance_count: 0.0746316079024654

Főkomponens 2 (PC2):
  xG: 0.3817493687744456
  goal_count: 0.3441265809111677
  successfull_pass_count: -0.325752878519538
  clearance_count: -0.3236080891289367
  pass_count: -0.2791573037195893
  interception_count: -0.2377123307559734
  on_target: 0.23601036413020793
  tackle_count: -0.23005325130141313
  won_duels: -0.22303391430816966
  block_count: -0.1906641252437087
  ball_recovery_count: -0.18491814419010788
  long_carries: -0.16591494173086604
  shot_count: 0.15685272171673892
  successful_tackles: -0.1531329224782768
  assists: 0.14825641974561887
  duel_count: -0.11968297744724934
  penalites_won: -0.11927037754238116
  foul_committed_count: -0.11501126041103668
  dispossessed_count: 0.11334809265898362
  pressure_count: -0.07603100076000285
  xA: 0.05252503471516278
  fouls_suffered_count: 0.02455435784866524
  successfull_dribbles: -0.01632367003604611
  dribble_count: 0.007710627991782023
  key_passes: -0.0008596089510597498

Főkomponens 3 (PC3):
  xG: 0.3784796512860095
  xA: -0.35018083240893044
  goal_count: 0.34343376590059205
  penalites_won: 0.3348082518298897
  key_passes: -0.3184101824464976
  assists: -0.30200750419400196
  clearance_count: 0.28878050680590467
  successfull_dribbles: -0.2194595116438275
  dribble_count: -0.2162527083181967
  foul_committed_count: 0.15657203286209895
  on_target: 0.15203790437983117
  duel_count: 0.14883969263403804
  dispossessed_count: -0.14298256221701666
  long_carries: -0.11369482297617235
  successfull_pass_count: 0.0799772655623864
  interception_count: 0.07835028466373063
  shot_count: 0.06701328486186232
  pass_count: 0.06201267057180009
  block_count: 0.051694608484347766
  successful_tackles: -0.0511817279669512
  tackle_count: 0.04860287901260799
  won_duels: 0.03162128577521539
  pressure_count: 0.014350701479117685
  fouls_suffered_count: -0.012370710504781014
  ball_recovery_count: -0.011363975663001964

Főkomponens 4 (PC4):
  penalites_won: 0.4669670882431163
  shot_count: -0.3946632629690255
  fouls_suffered_count: 0.3351787159172193
  assists: 0.3047442452221202
  on_target: -0.2958447947031201
  foul_committed_count: -0.21874444033227328
  clearance_count: 0.21459499161614895
  won_duels: -0.1960549559426222
  tackle_count: -0.17627544890970842
  block_count: -0.1749950753302948
  successful_tackles: -0.16242704482304157
  pressure_count: -0.16040089209681677
  interception_count: -0.13715479747769543
  xA: 0.12106534090428923
  successfull_dribbles: -0.1129169027353583
  dribble_count: -0.10857884188983612
  ball_recovery_count: 0.09491205027553931
  xG: 0.0726986365142989
  successfull_pass_count: 0.06422371447824929
  duel_count: -0.061003694907308136
  pass_count: 0.06016100830311463
  key_passes: 0.05311844941214638
  dispossessed_count: 0.02640871291883283
  long_carries: -0.003652620333726236
  goal_count: 0.0007998492232739793

