Frosinone - PCA eredmények

Magyarázott variancia arányok:
[0.58460403 0.16632288 0.1027712  0.05635087]
Összegzett variancia arány: 0.9100489864951224

Főkomponens 1 (PC1):
  shot_count: 0.29429431198578915
  fouls_suffered_count: 0.286122309145483
  dispossessed_count: 0.2796838179442371
  goal_count: 0.27696587960328717
  on_target: 0.27314306606298777
  foul_committed_count: 0.24311123806912216
  dribble_count: 0.23648465327377738
  duel_count: 0.22928682020202065
  pressure_count: 0.22510092259841585
  xG: 0.21957811353028017
  key_passes: 0.21178244541365648
  successful_tackles: 0.2041138277819524
  successfull_dribbles: 0.19961099621072578
  penalites_won: 0.17713600262001164
  ball_recovery_count: 0.1616552346611371
  tackle_count: 0.15353036597402434
  won_duels: 0.1535125682303432
  block_count: 0.15140853949466077
  assists: 0.13986457028241975
  xA: 0.13634709462453834
  interception_count: 0.1291316197447998
  long_carries: 0.11080042097073453
  pass_count: 0.08128909665452537
  successfull_pass_count: 0.07285128989431715
  clearance_count: 0.05048710199198478

Főkomponens 2 (PC2):
  clearance_count: 0.5082882669127415
  block_count: 0.3309520315623647
  goal_count: -0.27788535297520156
  interception_count: 0.27676884581832767
  on_target: -0.2535546225434853
  won_duels: 0.25123556861609825
  tackle_count: 0.24527982841399792
  shot_count: -0.24352573546179554
  xG: -0.23239393712477954
  successful_tackles: 0.19407505600286185
  dispossessed_count: -0.19401946796105696
  successfull_pass_count: 0.14139969831036783
  pass_count: 0.14095524249771185
  foul_committed_count: 0.12243157477103067
  ball_recovery_count: 0.11899637261432892
  pressure_count: 0.11708470084582291
  long_carries: 0.09314110036417297
  dribble_count: -0.06396836575877168
  penalites_won: 0.056965770079306664
  xA: 0.03501228658398865
  successfull_dribbles: -0.03319517326711102
  fouls_suffered_count: -0.02869324554646078
  key_passes: 0.01461917400662415
  duel_count: 0.0016827227477739504
  assists: 9.746059750807491e-05

Főkomponens 3 (PC3):
  clearance_count: 0.5543863849086423
  goal_count: 0.4152940524664382
  xG: 0.2931791313515482
  dribble_count: -0.2619928450913846
  successful_tackles: -0.2283814341137838
  successfull_dribbles: -0.20841555175727178
  assists: -0.1950606259226111
  penalites_won: 0.19100628544339823
  dispossessed_count: -0.17166853841245977
  on_target: 0.1596472375995506
  key_passes: -0.14167776343241992
  won_duels: -0.13735954948646686
  duel_count: 0.1301655644090753
  ball_recovery_count: -0.1229748714449601
  block_count: 0.12044987578793047
  xA: -0.11788891143675977
  tackle_count: -0.11363277371956196
  shot_count: 0.08763566299933472
  long_carries: -0.08375521121449143
  foul_committed_count: 0.06606181393629057
  fouls_suffered_count: -0.06307019309503098
  pressure_count: -0.05104357708554047
  interception_count: -0.050094488073674996
  successfull_pass_count: 0.005518273420442312
  pass_count: 0.0010089955628371017

Főkomponens 4 (PC4):
  assists: 0.6360442295485893
  key_passes: 0.4597832076364117
  xA: 0.40659165319982693
  successful_tackles: -0.19740975906142263
  penalites_won: -0.1955204454456127
  fouls_suffered_count: -0.19352276159194443
  clearance_count: 0.15816650101429264
  ball_recovery_count: -0.14409218790959805
  dispossessed_count: -0.09087326556961278
  tackle_count: -0.08702550542212062
  dribble_count: -0.08190074348204789
  long_carries: -0.08129266408193525
  won_duels: -0.07956195303463484
  pressure_count: -0.07921838264363736
  successfull_dribbles: -0.06848780188509802
  xG: 0.05831661076574019
  foul_committed_count: -0.04984550943772589
  pass_count: 0.04336438240444696
  duel_count: 0.03172138073303147
  on_target: -0.031364065387446655
  goal_count: 0.029404502092036922
  successfull_pass_count: 0.02350745682369799
  block_count: 0.022013664219110385
  interception_count: -0.01406362063539498
  shot_count: 0.001400825342231105

