Genoa - PCA eredmények

Magyarázott variancia arányok:
[0.53711664 0.24309609 0.11580507 0.02499385]
Összegzett variancia arány: 0.9210116530457333

Főkomponens 1 (PC1):
  assists: 0.2934339635852416
  successful_tackles: 0.27122018488081473
  foul_committed_count: 0.23339563240323205
  fouls_suffered_count: 0.2232511086352966
  tackle_count: 0.22196117790981276
  won_duels: 0.2215744700198343
  xA: 0.20937139213604938
  block_count: 0.20845569660238109
  pressure_count: 0.20745206426722113
  successfull_dribbles: 0.20369152950922237
  long_carries: 0.20097827919088532
  duel_count: 0.20019367932376717
  goal_count: 0.19553656136951778
  dribble_count: 0.19529565723827635
  key_passes: 0.19142861204061168
  clearance_count: 0.18936182090733553
  interception_count: 0.17718063362234718
  ball_recovery_count: 0.1757981375727873
  dispossessed_count: 0.17501249374521774
  penalites_won: 0.17419023638602715
  successfull_pass_count: 0.16271848646992815
  shot_count: 0.15596665155944198
  pass_count: 0.15457327733736298
  on_target: 0.14053179316879535
  xG: 0.13704264269888028

Főkomponens 2 (PC2):
  goal_count: 0.5391315529442449
  clearance_count: -0.3833099389431027
  xG: 0.38267468037013025
  on_target: 0.3279547948812299
  interception_count: -0.2473862277279595
  shot_count: 0.231995961692242
  successful_tackles: -0.17212171274711566
  won_duels: -0.15681682640601982
  tackle_count: -0.15356489526079253
  block_count: -0.1476932182601665
  dispossessed_count: 0.12450189327686234
  successfull_pass_count: -0.11920413038631963
  key_passes: 0.11910773240388163
  pass_count: -0.10861339867051507
  ball_recovery_count: -0.10651298100374233
  long_carries: -0.09587280904155221
  xA: 0.08709858779572197
  assists: 0.07387728134486546
  pressure_count: -0.045881882541641494
  dribble_count: 0.029442289819597702
  duel_count: 0.02253448499591371
  fouls_suffered_count: 0.02139039724007167
  penalites_won: 0.020210674952154346
  successfull_dribbles: 0.012325121601218018
  foul_committed_count: 0.0030398480663440855

Főkomponens 3 (PC3):
  clearance_count: 0.4844695813965616
  xA: -0.31605039842751514
  successfull_dribbles: -0.304876002946725
  dribble_count: -0.27513008675180006
  goal_count: 0.2749470936663835
  key_passes: -0.27018899593529017
  xG: 0.26564389851925796
  assists: -0.23744613376785131
  penalites_won: 0.21845195405726398
  on_target: 0.18347749240107858
  foul_committed_count: 0.1756811580094312
  interception_count: 0.15396297402524264
  duel_count: 0.14838190392008957
  dispossessed_count: -0.14642963637469786
  long_carries: -0.13668842423915767
  fouls_suffered_count: -0.07859407344371383
  block_count: 0.07450226816445545
  shot_count: 0.07111098437697128
  ball_recovery_count: -0.05978134243303862
  successful_tackles: 0.0477036388465294
  won_duels: 0.01610945490980369
  pressure_count: -0.013894651270968224
  pass_count: -0.0033754368774820886
  tackle_count: 0.003366140326629056
  successfull_pass_count: 0.0021638748943432645

Főkomponens 4 (PC4):
  penalites_won: 0.533393242195263
  fouls_suffered_count: 0.5094085490921313
  assists: -0.396529552712045
  goal_count: -0.284472692930811
  ball_recovery_count: -0.2153512811164454
  foul_committed_count: -0.17766399526170695
  clearance_count: -0.17087959472317926
  dispossessed_count: 0.15039737447712886
  key_passes: 0.128158398077038
  successfull_pass_count: -0.12066419309685333
  pass_count: -0.11716659985336325
  xA: -0.10929724421601993
  xG: 0.09883730735797357
  interception_count: 0.0806115246481657
  successful_tackles: 0.07208937197953007
  shot_count: 0.06869362924291235
  successfull_dribbles: 0.04456807944169423
  dribble_count: 0.03387435152178308
  pressure_count: 0.02527704823237222
  long_carries: -0.02246482741435069
  won_duels: 0.017839720332151962
  tackle_count: 0.017615385715739024
  on_target: 0.014293025647729218
  block_count: 0.011080202801822956
  duel_count: 0.0005067791522970794

