Hellas Verona - PCA eredmények

Magyarázott variancia arányok:
[0.52122797 0.21308253 0.12331931 0.04244623]
Összegzett variancia arány: 0.900076039946152

Főkomponens 1 (PC1):
  penalites_won: 0.33864945923705475
  xG: 0.2815302100684374
  on_target: 0.2538945461519445
  fouls_suffered_count: 0.2531672526206991
  shot_count: 0.24993012614828977
  foul_committed_count: 0.24180862925554336
  goal_count: 0.2277688825774198
  duel_count: 0.21543138013170152
  pressure_count: 0.21061853390145802
  dispossessed_count: 0.2043901620027057
  block_count: 0.1992861542801187
  key_passes: 0.19750945215343757
  xA: 0.1877236370075003
  won_duels: 0.18692630467089147
  successful_tackles: 0.1824476584863817
  tackle_count: 0.18172874137053954
  long_carries: 0.14473133128379187
  successfull_dribbles: 0.14206007178841523
  clearance_count: 0.1407419324297545
  dribble_count: 0.13905016219960603
  ball_recovery_count: 0.13398348500288904
  interception_count: 0.12637486002562437
  assists: 0.12331973337931869
  pass_count: 0.11923240825601637
  successfull_pass_count: 0.11533883133521633

Főkomponens 2 (PC2):
  xG: 0.4760460112177124
  on_target: 0.2814370107572387
  shot_count: 0.2597755250115261
  assists: -0.2596308747908452
  penalites_won: 0.257225570548298
  won_duels: -0.24840699575944278
  successful_tackles: -0.23646829609611297
  tackle_count: -0.23588801987559221
  goal_count: 0.2128594108378035
  xA: -0.2005949360875207
  clearance_count: -0.1841926555846198
  interception_count: -0.16967679476366226
  long_carries: -0.1637334574980051
  key_passes: -0.16057731923221344
  successfull_pass_count: -0.1414419949874
  ball_recovery_count: -0.13399993398478663
  block_count: -0.13213234181439348
  pass_count: -0.1280472970100683
  fouls_suffered_count: 0.12245162669021664
  pressure_count: -0.12095080646481042
  successfull_dribbles: -0.10014159471655909
  dribble_count: -0.06717972047410099
  foul_committed_count: -0.0473920435726631
  dispossessed_count: 0.02702727879005789
  duel_count: -0.005813951246771529

Főkomponens 3 (PC3):
  clearance_count: 0.5824789741824316
  assists: -0.4122221967002845
  xA: -0.325049504077615
  penalites_won: 0.2794916921074484
  key_passes: -0.27027174076308624
  successfull_dribbles: -0.207936836884598
  dribble_count: -0.1882945715221675
  dispossessed_count: -0.17285915992917422
  shot_count: -0.1466959946496459
  block_count: 0.1382326015425337
  tackle_count: 0.11809033498626301
  successfull_pass_count: 0.10920153459392935
  successful_tackles: 0.10913694015496965
  pass_count: 0.10091023698492771
  interception_count: 0.09452409648704907
  on_target: -0.08942686526683531
  won_duels: 0.07692430823097887
  goal_count: 0.06449900796249836
  duel_count: 0.05432429715620475
  long_carries: 0.052599870512614826
  xG: -0.04686095675641204
  pressure_count: -0.030933790363956767
  fouls_suffered_count: 0.027987192566251907
  foul_committed_count: -0.011335608685943145
  ball_recovery_count: 0.003831680561936786

Főkomponens 4 (PC4):
  assists: 0.6711216639103699
  clearance_count: 0.3268685341104063
  successful_tackles: -0.32067108443482806
  dribble_count: -0.2697123583096275
  pressure_count: -0.23530502666593456
  successfull_dribbles: -0.18626912734889906
  penalites_won: 0.1799658280805544
  dispossessed_count: -0.1646898864301355
  won_duels: -0.14452800018748646
  key_passes: 0.1057454750958663
  goal_count: 0.1028317885634094
  xA: 0.09481919834656867
  tackle_count: -0.09243053622210659
  successfull_pass_count: 0.09239076903449525
  pass_count: 0.08935081909052545
  interception_count: 0.08139013036462846
  shot_count: -0.07997853421696467
  foul_committed_count: -0.07997247562816037
  long_carries: -0.07369734293005685
  duel_count: -0.07351114044399294
  xG: 0.06523818648368135
  fouls_suffered_count: 0.052926598631315804
  block_count: -0.04899291653597504
  on_target: 0.03114668878732009
  ball_recovery_count: 0.014998965544097418

