Inter Milan - PCA eredmények

Magyarázott variancia arányok:
[0.55905292 0.24301528 0.08608004 0.03701246]
Összegzett variancia arány: 0.9251607006894195

Főkomponens 1 (PC1):
  goal_count: 0.3491127040999195
  xG: 0.3403602063238068
  shot_count: 0.28558268643114787
  assists: 0.28113132019508036
  on_target: 0.26829447512765436
  xA: 0.24660546481902215
  key_passes: 0.24539567672231377
  dribble_count: 0.1975354937548683
  pressure_count: 0.18725848470366824
  successfull_dribbles: 0.1866762257420789
  fouls_suffered_count: 0.1819522058445202
  dispossessed_count: 0.17354381712589842
  long_carries: 0.1698151119378902
  penalites_won: 0.15618340922490717
  block_count: 0.14947440714230414
  duel_count: 0.14765599571518165
  successfull_pass_count: 0.1473439009946474
  pass_count: 0.14496604947390732
  successful_tackles: 0.13166653034429718
  foul_committed_count: 0.12897036778340618
  ball_recovery_count: 0.12662968031123767
  won_duels: 0.11789142322596795
  tackle_count: 0.11748291951258968
  clearance_count: 0.09942389385197181
  interception_count: 0.09390799410341588

Főkomponens 2 (PC2):
  goal_count: 0.3561316900617333
  clearance_count: -0.32800080956284605
  xG: 0.32488336755277464
  tackle_count: -0.26993978440638156
  interception_count: -0.25713077131011736
  won_duels: -0.251052892839144
  successfull_pass_count: -0.24871698980704504
  successful_tackles: -0.24181399236430004
  pass_count: -0.2157813567401178
  on_target: 0.20607388698174703
  block_count: -0.19688569002961556
  ball_recovery_count: -0.19396703314868183
  foul_committed_count: -0.16970394186873886
  penalites_won: -0.15747052141595805
  long_carries: -0.14844036308381875
  pressure_count: -0.14721950951447824
  shot_count: 0.12861506356179697
  assists: 0.12721911080129172
  duel_count: -0.12334194515397626
  xA: 0.1216143203375676
  key_passes: 0.07709281298743595
  fouls_suffered_count: -0.07279114094092641
  successfull_dribbles: -0.027004531825278434
  dispossessed_count: -0.014639703291500291
  dribble_count: -0.0074890085852560165

Főkomponens 3 (PC3):
  goal_count: 0.44458422734237807
  clearance_count: 0.38612930131917556
  dribble_count: -0.36129765896704236
  successfull_dribbles: -0.35696920886444294
  key_passes: -0.34771026656462395
  xG: 0.2817299268405005
  xA: -0.242173070558255
  penalites_won: 0.20205332736883197
  long_carries: -0.1795736134880142
  dispossessed_count: -0.1484565207235867
  duel_count: 0.10756963300847014
  interception_count: 0.10533160357903477
  shot_count: -0.06712124038389859
  assists: -0.06434974005791338
  fouls_suffered_count: 0.059539131268553154
  on_target: 0.036201464178757595
  tackle_count: 0.035468383952036914
  pressure_count: -0.033609695880890904
  foul_committed_count: 0.03244246705867932
  won_duels: 0.02806150803634581
  successful_tackles: -0.017249997483395278
  successfull_pass_count: 0.014017296652530823
  ball_recovery_count: 0.014004647886497572
  block_count: 0.012662335738088833
  pass_count: 0.002607474593869745

Főkomponens 4 (PC4):
  assists: 0.5415065258947397
  xA: 0.3626156547903406
  dispossessed_count: -0.3148508081404306
  clearance_count: 0.2798881498721387
  fouls_suffered_count: -0.2727896086387137
  shot_count: -0.23339560290823122
  on_target: -0.22438305092883695
  key_passes: 0.20496220350272998
  block_count: 0.15868741304017286
  foul_committed_count: -0.14895551574856025
  dribble_count: -0.14585373493146908
  penalites_won: -0.12876696937570173
  successfull_dribbles: -0.12844544433189495
  xG: -0.11764458861485848
  won_duels: -0.11566735479911278
  tackle_count: -0.09823897346960223
  long_carries: 0.09170927014370005
  pass_count: 0.08709994720295022
  successfull_pass_count: 0.0844012471193665
  interception_count: 0.06537433863680817
  goal_count: 0.0624200237935295
  pressure_count: -0.05440359301154924
  successful_tackles: -0.04602016134735853
  duel_count: -0.03733136577711954
  ball_recovery_count: -0.014606968118438807

