Juventus - PCA eredmények

Magyarázott variancia arányok:
[0.74004111 0.12811326 0.04958998 0.02314741]
Összegzett variancia arány: 0.9408917634013536

Főkomponens 1 (PC1):
  assists: 0.3830937096929339
  goal_count: 0.3633626784507539
  xG: 0.3260511096912915
  on_target: 0.2974980964811522
  shot_count: 0.28800348720928537
  xA: 0.27007431038659296
  dribble_count: 0.26377067356638073
  successfull_dribbles: 0.2555166819907664
  key_passes: 0.23271144585882836
  dispossessed_count: 0.20516064973271064
  fouls_suffered_count: 0.1826228758013043
  long_carries: 0.1329088865462656
  foul_committed_count: 0.12869990809350282
  pressure_count: 0.11099172562234765
  successful_tackles: 0.10403604702228973
  block_count: 0.08906939476359362
  ball_recovery_count: 0.08769680432770469
  won_duels: 0.07804830877040835
  pass_count: 0.07476155135871038
  successfull_pass_count: 0.07303155768555604
  tackle_count: 0.07223810731902043
  duel_count: 0.0665474853325155
  penalites_won: 0.057987409371096
  interception_count: 0.05495059841885786
  clearance_count: 0.0026790961838673772

Főkomponens 2 (PC2):
  clearance_count: 0.38167788705421085
  successfull_pass_count: 0.353863556631609
  goal_count: -0.3135658632604567
  pass_count: 0.31052532018072826
  interception_count: 0.2931880017822242
  tackle_count: 0.2271705041607065
  xG: -0.22055205745040568
  long_carries: 0.21775939136293815
  won_duels: 0.21208484255345228
  penalites_won: 0.204238142979078
  block_count: 0.2034146209099347
  successful_tackles: 0.19992448283703007
  ball_recovery_count: 0.18417851359079812
  foul_committed_count: 0.145822278321867
  duel_count: 0.14366339341516304
  on_target: -0.13100671701024014
  xA: -0.11331601834090885
  successfull_dribbles: 0.08825019446033694
  fouls_suffered_count: 0.0811486923377139
  pressure_count: 0.0760387338504215
  assists: -0.056659481545535746
  key_passes: 0.04371426301102903
  dribble_count: 0.0283866094133054
  shot_count: -0.025223856254994896
  dispossessed_count: -0.011741079963210995

Főkomponens 3 (PC3):
  goal_count: 0.5235503084262213
  clearance_count: 0.3986391200200739
  successfull_dribbles: -0.3538659557127745
  xG: 0.3198969036307774
  dribble_count: -0.29959951509596977
  penalites_won: 0.2796101245886495
  dispossessed_count: -0.18449333475760413
  assists: -0.1824388025590138
  successfull_pass_count: 0.16245496825238123
  pass_count: 0.14502152522775658
  key_passes: -0.11813250840164194
  successful_tackles: -0.08579686024457411
  fouls_suffered_count: -0.08564290272482025
  duel_count: 0.07604057318417354
  shot_count: -0.06938795592159806
  foul_committed_count: -0.06588116282277226
  long_carries: -0.05780688265773631
  on_target: 0.047219222046727835
  pressure_count: 0.03955345138675165
  xA: 0.03859733683720463
  interception_count: 0.03676888353985481
  tackle_count: -0.033642629967706915
  won_duels: -0.029331228498891367
  ball_recovery_count: -0.026457866169271975
  block_count: 0.021968275085489368

Főkomponens 4 (PC4):
  fouls_suffered_count: 0.43252933945744804
  key_passes: 0.36398799699237033
  foul_committed_count: -0.3572658680237319
  shot_count: -0.3300693725796904
  xA: 0.3140623437069291
  on_target: -0.29740186654306383
  penalites_won: 0.2006317779535196
  successfull_dribbles: 0.18293382053644366
  dribble_count: 0.1707799413517667
  won_duels: -0.1531509329156696
  successful_tackles: -0.13360999698380593
  assists: -0.12677276688090988
  tackle_count: -0.12671760642064037
  dispossessed_count: -0.12332968588971843
  xG: -0.11940484359709984
  duel_count: -0.10819573967649818
  long_carries: 0.09995068944565627
  goal_count: 0.09916175210327467
  pressure_count: -0.08636230347184491
  clearance_count: 0.06560360357636251
  ball_recovery_count: -0.05468289627192538
  block_count: -0.049219495748879245
  interception_count: -0.03245082425845675
  successfull_pass_count: 0.025602242630399556
  pass_count: 0.023735115695423546

