Lazio - PCA eredmények

Magyarázott variancia arányok:
[0.58583366 0.21076037 0.06286398 0.04850965]
Összegzett variancia arány: 0.9079676628005358

Főkomponens 1 (PC1):
  xG: 0.2990349635318337
  dribble_count: 0.2969661173989038
  goal_count: 0.2953413876406633
  shot_count: 0.2727184179467741
  on_target: 0.26656958792629476
  successfull_dribbles: 0.2606713955169332
  key_passes: 0.2569573006497736
  dispossessed_count: 0.24587149611088144
  xA: 0.24059426953551202
  long_carries: 0.2279537555367597
  assists: 0.21307105371055232
  fouls_suffered_count: 0.19627401888572113
  pressure_count: 0.16386384745996646
  tackle_count: 0.14964919105079483
  successful_tackles: 0.1491522142147991
  won_duels: 0.14672015196741628
  ball_recovery_count: 0.1436267055226852
  foul_committed_count: 0.12929328186019184
  duel_count: 0.11916047798545308
  pass_count: 0.1188215709139069
  block_count: 0.11386213222036427
  successfull_pass_count: 0.11255634361880293
  interception_count: 0.10129119524635316
  penalites_won: 0.08314054515744632
  clearance_count: 0.006239168881471289

Főkomponens 2 (PC2):
  tackle_count: 0.3013900643661932
  goal_count: -0.29479095747655104
  clearance_count: 0.29082700477240625
  won_duels: 0.2821839889641664
  xG: -0.2731644730789807
  interception_count: 0.2628948202674257
  successful_tackles: 0.2616018889284732
  foul_committed_count: 0.22955709954295836
  successfull_pass_count: 0.22376422751695688
  on_target: -0.2202390000841554
  block_count: 0.2116381778513652
  duel_count: 0.20955016883955688
  pass_count: 0.19466079724764312
  ball_recovery_count: 0.18125652112327933
  pressure_count: 0.18114034447945365
  assists: -0.16702347496019385
  shot_count: -0.1513551868011854
  penalites_won: 0.147412951569664
  xA: -0.10495461063436898
  long_carries: 0.09165695020721167
  dribble_count: -0.08863805980391606
  dispossessed_count: -0.04005832613494388
  successfull_dribbles: -0.024070632492867016
  key_passes: 0.016034932987292718
  fouls_suffered_count: -0.010161718431198386

Főkomponens 3 (PC3):
  xG: 0.42833959199409366
  dribble_count: -0.4196538399154224
  successfull_dribbles: -0.36664178770414996
  clearance_count: 0.29452848438276585
  shot_count: 0.25579118715996463
  dispossessed_count: -0.24576078189864675
  long_carries: -0.22128328192673238
  penalites_won: 0.2148642000006085
  goal_count: 0.21188402714229224
  block_count: 0.1885321306160079
  xA: -0.1498174327854506
  successful_tackles: -0.14680927543968092
  foul_committed_count: 0.13137766612358293
  duel_count: 0.11672422143716557
  pressure_count: 0.10807471854673963
  on_target: 0.1061711421651857
  ball_recovery_count: -0.07629042343851149
  interception_count: 0.06570780947264318
  successfull_pass_count: 0.05563848042612827
  won_duels: -0.050533270311728565
  pass_count: 0.03956121629374243
  fouls_suffered_count: 0.035388678379611384
  tackle_count: -0.025430308052869763
  assists: 0.025414265512610886
  key_passes: 0.010519392787059977

Főkomponens 4 (PC4):
  assists: 0.7553716650081592
  shot_count: -0.3196417145332971
  on_target: -0.21916931119331395
  goal_count: 0.2140493468523626
  dribble_count: -0.19538141188713912
  successfull_dribbles: -0.16638000317014315
  key_passes: 0.14728981227404658
  long_carries: -0.14646071697134788
  clearance_count: -0.14318067983708677
  xG: -0.1382657396245452
  xA: 0.13169839396038224
  won_duels: 0.1185072068788847
  dispossessed_count: -0.10726735300010029
  block_count: -0.10017647268727323
  tackle_count: 0.08698957767071806
  successful_tackles: 0.08351539406662584
  pressure_count: 0.08185693933776858
  ball_recovery_count: 0.06873529434173556
  penalites_won: -0.05084018664344403
  successfull_pass_count: 0.040370223079868976
  fouls_suffered_count: -0.022089968392036786
  pass_count: 0.020498896615779142
  duel_count: 0.018699596259993387
  interception_count: -0.01613408781052275
  foul_committed_count: 0.011890377952279981

