Napoli - PCA eredmények

Magyarázott variancia arányok:
[0.58296921 0.25831191 0.087001   0.02813816]
Összegzett variancia arány: 0.9564202862384465

Főkomponens 1 (PC1):
  goal_count: 0.5399155518432753
  on_target: 0.4156438604448608
  xG: 0.40925716595499695
  shot_count: 0.36079218937146174
  assists: 0.2308533283524763
  key_passes: 0.2178814721293974
  xA: 0.19937310291426247
  dispossessed_count: 0.13767096288756087
  dribble_count: 0.13262142413422173
  successfull_dribbles: 0.13023700381987396
  long_carries: 0.09464906730254048
  fouls_suffered_count: 0.08283138854544589
  pressure_count: 0.07927825153764732
  successfull_pass_count: 0.06999225006773856
  pass_count: 0.06984660303232033
  block_count: 0.05399799773828065
  penalites_won: 0.044915245596723045
  ball_recovery_count: 0.04343120004531858
  foul_committed_count: 0.04147720693816251
  duel_count: 0.030458632306812183
  successful_tackles: 0.02998126286921357
  tackle_count: 0.027686814597355173
  won_duels: 0.025783198689332484
  interception_count: 0.014209230360296208
  clearance_count: -0.012987846034816702

Főkomponens 2 (PC2):
  successfull_pass_count: 0.3330760532748305
  goal_count: -0.3183908174674395
  pass_count: 0.29548097434647413
  successful_tackles: 0.26178552921752113
  assists: 0.2542636948210537
  won_duels: 0.23260155343594402
  xA: 0.23039975206977092
  key_passes: 0.21972191222764081
  tackle_count: 0.21321380704515092
  long_carries: 0.2108526714145047
  xG: -0.19381651872345054
  block_count: 0.17213767009662878
  ball_recovery_count: 0.1686471450456958
  pressure_count: 0.16645807853519187
  penalites_won: 0.16052093138178775
  clearance_count: 0.16048854097264525
  fouls_suffered_count: 0.15646192186350924
  interception_count: 0.15337711715318228
  duel_count: 0.148050473438174
  on_target: -0.14287163653317578
  foul_committed_count: 0.1333647132979829
  dribble_count: 0.11716405533279153
  successfull_dribbles: 0.10910854171711541
  dispossessed_count: 0.08635479764802236
  shot_count: -0.07570528065249588

Főkomponens 3 (PC3):
  assists: 0.5345391364783177
  xA: 0.4030732800334855
  clearance_count: -0.3461431884644898
  goal_count: -0.28099824063521905
  key_passes: 0.2574996598663389
  successful_tackles: -0.232794126830333
  won_duels: -0.1885775649536345
  foul_committed_count: -0.17151226795888652
  tackle_count: -0.15754902864077083
  duel_count: -0.1539954533184722
  xG: -0.14194260645891707
  penalites_won: -0.14011915653340323
  interception_count: -0.12813622303115615
  block_count: -0.1215087753649203
  successfull_pass_count: -0.10849862280352507
  pass_count: -0.08881268962929997
  shot_count: 0.08740903057137066
  ball_recovery_count: -0.07881080206568371
  long_carries: -0.06729260778899272
  dribble_count: 0.05309134806240501
  pressure_count: -0.0487269385755703
  on_target: -0.04195548932102774
  fouls_suffered_count: -0.04096406959148085
  dispossessed_count: -0.032556499330210854
  successfull_dribbles: 0.017783854282222577

Főkomponens 4 (PC4):
  successful_tackles: 0.37329993878190887
  successfull_pass_count: -0.37242837912143256
  clearance_count: -0.36073263454855403
  pass_count: -0.3235078516516273
  dribble_count: 0.3209282761704106
  won_duels: 0.2587649736152526
  successfull_dribbles: 0.258007493989039
  dispossessed_count: 0.24324699947456946
  long_carries: -0.21188249221110875
  fouls_suffered_count: 0.20136706635201426
  pressure_count: 0.16315596584295328
  interception_count: -0.13794851594941165
  tackle_count: 0.12152707543118486
  on_target: -0.11487298712436644
  penalites_won: 0.10036624079586313
  key_passes: -0.07533428158697461
  foul_committed_count: 0.07435493807713722
  ball_recovery_count: -0.0693452410485827
  shot_count: -0.04898418451662005
  xA: -0.0393308831602302
  xG: -0.031024826774598297
  block_count: 0.03082090343741358
  assists: -0.016924420590260805
  goal_count: 0.009727669578550622
  duel_count: 0.00919334121871933

