Palermo - PCA eredmények

Magyarázott variancia arányok:
[0.73578274 0.10938794 0.05697876 0.03323763]
Összegzett variancia arány: 0.9353870744753732

Főkomponens 1 (PC1):
  fouls_suffered_count: 0.36201632000052547
  dispossessed_count: 0.3502365834421527
  dribble_count: 0.2967842846972965
  successfull_dribbles: 0.273265623402484
  foul_committed_count: 0.237463183211645
  shot_count: 0.23699094325877923
  assists: 0.2246689787914901
  long_carries: 0.1944504748672569
  xG: 0.19008338882521078
  key_passes: 0.18980964969547356
  goal_count: 0.18954049750066632
  pressure_count: 0.18478222444593367
  on_target: 0.18300129268853152
  successful_tackles: 0.1800137916829379
  xA: 0.17893579691546266
  penalites_won: 0.161897005614927
  ball_recovery_count: 0.15308014988972066
  duel_count: 0.14557038398310962
  won_duels: 0.13012030562297328
  tackle_count: 0.1249482613155901
  block_count: 0.12345975873362024
  pass_count: 0.09899708973294975
  successfull_pass_count: 0.0944273275667299
  interception_count: 0.06407950853628154
  clearance_count: 0.03312495030293059

Főkomponens 2 (PC2):
  clearance_count: 0.6317837718100054
  block_count: 0.33186096410154636
  interception_count: 0.3202477186568805
  tackle_count: 0.211597041577278
  won_duels: 0.20104892020605364
  dispossessed_count: -0.2004722173179546
  xG: -0.17291614689941853
  goal_count: -0.17179663791589447
  pass_count: 0.17019760291388236
  successfull_pass_count: 0.16931238195717738
  ball_recovery_count: 0.14757578380177866
  successful_tackles: 0.14220372400020398
  fouls_suffered_count: -0.12511106812781325
  pressure_count: 0.12085705759510978
  on_target: -0.11774951942706859
  shot_count: -0.11352916878605725
  long_carries: 0.10084471005160564
  dribble_count: -0.0999548783984929
  penalites_won: 0.08879757652999146
  duel_count: 0.08868273209437838
  successfull_dribbles: -0.06612781736391547
  foul_committed_count: 0.051714146996808145
  assists: -0.04960344072702501
  key_passes: -0.029630548589400955
  xA: -0.02045412300114564

Főkomponens 3 (PC3):
  goal_count: 0.5636787181825488
  xG: 0.393438213895917
  clearance_count: 0.3457908867892406
  penalites_won: 0.27667251740133353
  successfull_dribbles: -0.2627216695838619
  dribble_count: -0.2298751124491711
  duel_count: 0.18143787756591498
  assists: -0.16850441692137846
  on_target: 0.16564225284227582
  successful_tackles: -0.16273264372036186
  long_carries: -0.1588107451053955
  won_duels: -0.12822476928365864
  tackle_count: -0.12769342053648922
  ball_recovery_count: -0.11579352635298587
  shot_count: 0.08339637156882837
  xA: -0.06158980744857259
  pressure_count: -0.053802475215152606
  foul_committed_count: 0.04806704190273814
  pass_count: -0.046700375920194756
  key_passes: -0.04047203336086012
  fouls_suffered_count: -0.03307882077467551
  successfull_pass_count: -0.03181776328651197
  dispossessed_count: 0.022247685013507126
  block_count: 0.01820712855841738
  interception_count: 0.013196679652982622

Főkomponens 4 (PC4):
  assists: 0.5007899992911299
  fouls_suffered_count: -0.4435964088154927
  key_passes: 0.34429006979964744
  xA: 0.29202974076912525
  pressure_count: 0.2660707926663348
  dribble_count: -0.22010184133634064
  clearance_count: -0.21784854707598286
  successfull_dribbles: -0.17567687971683804
  pass_count: 0.1471581642722867
  successfull_pass_count: 0.1445360501630792
  successful_tackles: -0.13417659018384662
  penalites_won: -0.11757978198350572
  dispossessed_count: -0.1095175774218388
  goal_count: 0.10501120446353078
  long_carries: -0.10230119120644222
  block_count: 0.09453727040263478
  duel_count: 0.0906741299306927
  xG: 0.09051078399315439
  ball_recovery_count: 0.08896420837376164
  foul_committed_count: -0.0766111521845863
  on_target: 0.04847349350098439
  interception_count: 0.02834383474527923
  tackle_count: 0.024048985138777554
  won_duels: 0.016320132419664134
  shot_count: 0.007826032499522377

