Sampdoria - PCA eredmények

Magyarázott variancia arányok:
[0.61874785 0.18542691 0.05934529 0.03945631]
Összegzett variancia arány: 0.9029763607230621

Főkomponens 1 (PC1):
  goal_count: 0.3219115463188822
  on_target: 0.28827823927560065
  shot_count: 0.2651209955602191
  xA: 0.2476813935765283
  key_passes: 0.2469345892786052
  xG: 0.24661029433515647
  assists: 0.24422217769758225
  fouls_suffered_count: 0.22533390188650834
  dribble_count: 0.2149362112141727
  successfull_dribbles: 0.20384767045743432
  foul_committed_count: 0.20252713365647973
  dispossessed_count: 0.19996734137406197
  long_carries: 0.1859050219014204
  pressure_count: 0.1825438024748357
  successful_tackles: 0.1691977307764491
  interception_count: 0.15585070911022939
  won_duels: 0.1528871827591726
  ball_recovery_count: 0.15195799081431216
  successfull_pass_count: 0.14920165841081726
  tackle_count: 0.14563389565689433
  pass_count: 0.13944565858118949
  block_count: 0.13691598356296386
  duel_count: 0.13585435537740786
  penalites_won: 0.1037757674696474
  clearance_count: 0.05011377231012491

Főkomponens 2 (PC2):
  clearance_count: 0.33015993774448066
  goal_count: -0.32527562086473405
  interception_count: 0.2782723927714432
  block_count: 0.26377151269835614
  xG: -0.26292898878310733
  on_target: -0.2604281057142751
  won_duels: 0.24675520940448284
  successful_tackles: 0.23690093022276937
  tackle_count: 0.23474783875831634
  successfull_pass_count: 0.23276952175861793
  pass_count: 0.20817396764922644
  foul_committed_count: 0.18974915277644258
  shot_count: -0.16650955580531876
  assists: -0.16433468394248466
  dispossessed_count: -0.1613240262587602
  pressure_count: 0.15686225428258346
  penalites_won: 0.15390768465238655
  dribble_count: -0.13642369376139077
  ball_recovery_count: 0.12885351462953912
  long_carries: 0.096328500026888
  successfull_dribbles: -0.0926053351419566
  duel_count: 0.0916205194017996
  xA: -0.04988624365837142
  fouls_suffered_count: 0.03611338831922046
  key_passes: 0.0357555142353457

Főkomponens 3 (PC3):
  clearance_count: 0.5334164229460941
  goal_count: 0.4299827029654395
  key_passes: -0.2994704000742593
  xA: -0.257883167220062
  on_target: 0.24722359837014518
  dribble_count: -0.2335510625540797
  successfull_dribbles: -0.21123610206720547
  xG: 0.20959302304397762
  fouls_suffered_count: -0.18698359857823035
  assists: -0.15661831730545167
  penalites_won: 0.14704028691248983
  long_carries: 0.1364812983166884
  dispossessed_count: -0.13601963638019005
  shot_count: 0.11268360008186755
  block_count: 0.10736349133251838
  won_duels: -0.09092671399146504
  tackle_count: -0.07330713027012783
  pressure_count: -0.06502854039700245
  interception_count: -0.06309186914463613
  successful_tackles: -0.049476232420200356
  foul_committed_count: 0.033069321361678394
  successfull_pass_count: 0.03306657973614337
  duel_count: 0.0232459171390638
  pass_count: 0.02221845886186501
  ball_recovery_count: 0.013935517368052295

Főkomponens 4 (PC4):
  won_duels: 0.3945064360334025
  successful_tackles: 0.38580570968482797
  clearance_count: -0.3614128935353609
  tackle_count: 0.30889158329165856
  successfull_dribbles: -0.2806721789065782
  penalites_won: -0.25405601200151867
  dribble_count: -0.2525958116049445
  goal_count: 0.22390615484498402
  long_carries: -0.20755091104255097
  pressure_count: 0.1929031175093502
  pass_count: -0.15161970607643238
  fouls_suffered_count: -0.13047242008745294
  ball_recovery_count: -0.1255985049908958
  successfull_pass_count: -0.12102436616809042
  shot_count: 0.10660733068546854
  duel_count: 0.09978848233558975
  dispossessed_count: -0.08963461161655872
  xA: -0.08243230703215894
  assists: -0.0799184392860348
  key_passes: -0.07886646887249787
  on_target: 0.07369818645290087
  xG: 0.0672980343611209
  foul_committed_count: 0.04068360957494308
  interception_count: -0.03260929986700623
  block_count: -0.00804821372766151

