Sassuolo - PCA eredmények

Magyarázott variancia arányok:
[0.57915364 0.25081195 0.06889521 0.03801302]
Összegzett variancia arány: 0.9368738142933585

Főkomponens 1 (PC1):
  fouls_suffered_count: 0.2648543486441255
  key_passes: 0.24342854304704914
  penalites_won: 0.23424487092856647
  assists: 0.22906364429476778
  xA: 0.22140474693730483
  foul_committed_count: 0.2201116044973945
  block_count: 0.21644788051626626
  dispossessed_count: 0.21290396299836087
  pressure_count: 0.2116436226166552
  shot_count: 0.19957936837573007
  dribble_count: 0.19876137949028747
  interception_count: 0.19704991964339
  successful_tackles: 0.19398120871942293
  successfull_dribbles: 0.18357786586309274
  long_carries: 0.18354262601110893
  won_duels: 0.18204889276769706
  ball_recovery_count: 0.18172506265181398
  tackle_count: 0.1798112430951162
  pass_count: 0.17668545690542697
  successfull_pass_count: 0.17643289516415156
  xG: 0.1755033412607238
  on_target: 0.17513480935402717
  goal_count: 0.16866485964552144
  duel_count: 0.1665696001205392
  clearance_count: 0.1646776007881946

Főkomponens 2 (PC2):
  clearance_count: 0.41831583403202866
  on_target: -0.29282090590566384
  shot_count: -0.2839972300843138
  xG: -0.2815272669688987
  goal_count: -0.27813809751034124
  interception_count: 0.25010655894564376
  assists: -0.24769418519058733
  successfull_pass_count: 0.20289988313762966
  dribble_count: -0.18763029003181922
  dispossessed_count: -0.18392079758590388
  pass_count: 0.18196231647883987
  won_duels: 0.175581838808209
  block_count: 0.1737546530351216
  penalites_won: 0.1735928203027351
  ball_recovery_count: 0.16869755001316317
  tackle_count: 0.16296752609228207
  xA: -0.15589388725074055
  successful_tackles: 0.15167587352086176
  successfull_dribbles: -0.14254591733231356
  key_passes: -0.10633015284766024
  long_carries: 0.05926173604261139
  foul_committed_count: 0.059097436203739924
  duel_count: 0.04599567944999622
  pressure_count: 0.022200599028133164
  fouls_suffered_count: 0.007769571768892454

Főkomponens 3 (PC3):
  xA: 0.5279684010618677
  goal_count: -0.4024384709320824
  on_target: -0.30998283566539786
  xG: -0.2985616588207836
  key_passes: 0.2636569163148999
  clearance_count: -0.24087438146319867
  penalites_won: -0.22837268779676664
  assists: 0.20550355509444326
  fouls_suffered_count: -0.18885153119809991
  shot_count: -0.13395671933327263
  interception_count: -0.12890034381322502
  block_count: 0.11488300114767135
  won_duels: 0.10296849864557335
  dispossessed_count: 0.10115630861164633
  tackle_count: 0.09817152343278342
  dribble_count: 0.09320663348330346
  successful_tackles: 0.09043892015778708
  successfull_dribbles: 0.08920923573202662
  long_carries: -0.06911630497053185
  pressure_count: 0.06741400876847668
  foul_committed_count: 0.05016319226025509
  successfull_pass_count: -0.03638012726755214
  duel_count: 0.013836491142108243
  pass_count: -0.007272188847286951
  ball_recovery_count: -0.0040813193293976376

Főkomponens 4 (PC4):
  clearance_count: 0.5522149906601334
  penalites_won: -0.38923269192560167
  fouls_suffered_count: -0.3275151928247131
  pressure_count: -0.2256264412942092
  long_carries: 0.22376459590120606
  foul_committed_count: -0.22277729801939797
  interception_count: 0.2080016087629029
  successful_tackles: -0.20212471452585296
  assists: 0.19483618414330867
  xA: 0.1821658910674192
  block_count: 0.1579023130151196
  dribble_count: 0.1531345903975605
  won_duels: -0.14415511369264267
  successfull_dribbles: 0.1383501329274111
  dispossessed_count: -0.09397259226204722
  duel_count: -0.08963741800286248
  ball_recovery_count: -0.0813121385295573
  xG: 0.07180508506289088
  goal_count: 0.07140864959483602
  on_target: 0.06434560317493801
  key_passes: -0.04223203896603319
  shot_count: 0.03376919534108105
  pass_count: 0.02826933490348964
  successfull_pass_count: 0.022530587634128466
  tackle_count: 0.003114119671113567

