Torino - PCA eredmények

Magyarázott variancia arányok:
[0.54115757 0.22399432 0.12999107 0.03033798]
Összegzett variancia arány: 0.9254809470963925

Főkomponens 1 (PC1):
  on_target: 0.2926496524600623
  xG: 0.27473679472343077
  goal_count: 0.26996097113516815
  fouls_suffered_count: 0.24868047082846895
  successfull_dribbles: 0.2371410435573091
  shot_count: 0.23132699571700338
  dribble_count: 0.22701544496609335
  xA: 0.2206838405948672
  long_carries: 0.21938681501087795
  foul_committed_count: 0.21114346668293146
  dispossessed_count: 0.20722319064496336
  pressure_count: 0.20051666955772188
  key_passes: 0.19515215635785643
  penalites_won: 0.1943002261317299
  successful_tackles: 0.18515321232285414
  won_duels: 0.18491695955589318
  assists: 0.17771362318207887
  tackle_count: 0.17346368731854742
  duel_count: 0.16700538355913525
  ball_recovery_count: 0.14279680204065498
  block_count: 0.13705118111362774
  interception_count: 0.11758958201840075
  successfull_pass_count: 0.10864924296216047
  pass_count: 0.10378479831521627
  clearance_count: 0.09410793426588733

Főkomponens 2 (PC2):
  xG: 0.4509218746877644
  clearance_count: -0.3827181000983343
  goal_count: 0.3610725158340064
  successfull_pass_count: -0.27316610303557676
  on_target: 0.2476748523204725
  pass_count: -0.2406873640962764
  long_carries: -0.24022320737644842
  interception_count: -0.2379383900639548
  tackle_count: -0.20530170801803732
  shot_count: 0.19976974147731869
  won_duels: -0.19212470189920705
  block_count: -0.1390636012193771
  successful_tackles: -0.1318562243970048
  ball_recovery_count: -0.12706545108208842
  penalites_won: -0.09085890457645342
  pressure_count: -0.07950171417370766
  dispossessed_count: 0.07586170038694857
  assists: 0.07321049139329844
  duel_count: -0.07214157699029093
  fouls_suffered_count: 0.05460605725997585
  successfull_dribbles: -0.05288360734070419
  foul_committed_count: -0.0417607070012649
  dribble_count: -0.03182774713650356
  key_passes: -0.018284866702046335
  xA: -0.002066636159683265

Főkomponens 3 (PC3):
  successfull_dribbles: 0.42075913580999064
  penalites_won: -0.4108634339005386
  dribble_count: 0.4023429724533554
  clearance_count: -0.3574326557242482
  xG: -0.2786120094413168
  key_passes: 0.21065075627393126
  xA: 0.20104407259396842
  assists: 0.19021185159913048
  dispossessed_count: 0.17714994438968562
  fouls_suffered_count: -0.17164118973427092
  foul_committed_count: -0.1403354744250625
  duel_count: -0.11991931584717899
  goal_count: -0.11628025258686023
  successfull_pass_count: -0.1147160959499858
  successful_tackles: 0.09859717352361329
  long_carries: 0.0964643552602501
  pass_count: -0.08303244796443704
  on_target: -0.08030239019490946
  block_count: -0.0725184478203219
  shot_count: -0.05479841699667276
  ball_recovery_count: 0.044569292946669725
  won_duels: -0.03441884858071117
  tackle_count: -0.020224869704329664
  pressure_count: -0.010365078703801982
  interception_count: 4.3001843771678745e-05

Főkomponens 4 (PC4):
  penalites_won: 0.3999555802035247
  won_duels: -0.31828361716717657
  successfull_dribbles: 0.2969870774587123
  tackle_count: -0.29634075092523743
  clearance_count: 0.2954261228178624
  pressure_count: -0.2891819660159818
  dribble_count: 0.2781203879584556
  foul_committed_count: -0.26330644988799756
  long_carries: 0.25712273845847294
  duel_count: -0.2357831605346711
  key_passes: -0.18133754588591722
  interception_count: -0.13732436835762343
  fouls_suffered_count: 0.13055085301918368
  assists: 0.12466432693995083
  ball_recovery_count: -0.12386061294238386
  successful_tackles: -0.10028720464873851
  goal_count: -0.05919237496535843
  shot_count: 0.057181668000712255
  successfull_pass_count: 0.04980948875645737
  dispossessed_count: -0.049564182335437475
  pass_count: 0.027290615621421363
  xG: 0.024474007782302187
  xA: -0.020114904358239434
  on_target: 0.014300525447070968
  block_count: -0.0057568469948639685

