Udinese - PCA eredmények

Magyarázott variancia arányok:
[0.57156869 0.23016725 0.07173893 0.03975485]
Összegzett variancia arány: 0.9132297302972121

Főkomponens 1 (PC1):
  xG: 0.32710628473236025
  goal_count: 0.32126214189190255
  on_target: 0.30531791777114176
  shot_count: 0.2754718004757304
  fouls_suffered_count: 0.25252455208660674
  xA: 0.24095061343011395
  key_passes: 0.23807143940288286
  penalites_won: 0.23271473465055803
  dispossessed_count: 0.22511485012720278
  dribble_count: 0.21597834155273293
  successfull_dribbles: 0.19921503017895026
  duel_count: 0.19117107761653543
  assists: 0.18073591377821155
  pressure_count: 0.16924648089525046
  long_carries: 0.1647522796283945
  block_count: 0.16395764003997684
  ball_recovery_count: 0.12384343942556396
  pass_count: 0.11762552216557703
  successfull_pass_count: 0.11226576197122885
  foul_committed_count: 0.111834001842634
  successful_tackles: 0.10539369084644545
  interception_count: 0.1042859665993805
  clearance_count: 0.0883281840833034
  tackle_count: 0.08819362849265841
  won_duels: 0.08538132075023998

Főkomponens 2 (PC2):
  clearance_count: 0.46710694354836463
  interception_count: 0.32354042234184094
  successful_tackles: 0.2805931537933587
  goal_count: -0.27816732744021233
  block_count: 0.27245572212321545
  won_duels: 0.2713139338629832
  xG: -0.2678053751386625
  tackle_count: 0.265954700802944
  on_target: -0.1934870895688907
  foul_committed_count: 0.18127804013833845
  pressure_count: 0.14385706730296705
  shot_count: -0.13839034270034353
  successfull_pass_count: 0.1378230866782985
  pass_count: 0.13563895950219768
  assists: -0.1339814264504024
  ball_recovery_count: 0.12716831117138483
  penalites_won: 0.11639452124636687
  duel_count: 0.11160032973488314
  xA: -0.08371454440152583
  key_passes: -0.08098014257641181
  dispossessed_count: -0.07291220092299021
  long_carries: 0.05647896916735709
  successfull_dribbles: 0.025496492770370024
  fouls_suffered_count: 0.018121077594413944
  dribble_count: -0.003705959366323292

Főkomponens 3 (PC3):
  clearance_count: 0.44427170911510844
  penalites_won: 0.3433174075842242
  key_passes: -0.32282777110187055
  goal_count: 0.3084074521242762
  xA: -0.3072276406708755
  successfull_dribbles: -0.2734133756728958
  dribble_count: -0.2659501961733252
  xG: 0.26422738761403
  successful_tackles: -0.2422766308361347
  foul_committed_count: 0.1413070922454635
  assists: -0.11830122900103357
  ball_recovery_count: -0.1149987420476612
  duel_count: 0.10883017121271321
  on_target: 0.09849990381319759
  pass_count: -0.09806359716405826
  won_duels: -0.09324770699972301
  tackle_count: -0.08782165087009337
  successfull_pass_count: -0.07137574499631441
  long_carries: -0.07060647774154279
  dispossessed_count: -0.0637308559295258
  interception_count: -0.05219228878899215
  fouls_suffered_count: 0.04938941831204579
  pressure_count: -0.03578110701999586
  shot_count: 0.030001561953340715
  block_count: 0.02814966426268393

Főkomponens 4 (PC4):
  xA: 0.35787119039033966
  successful_tackles: -0.35017531073520797
  clearance_count: 0.33129978842032354
  dispossessed_count: -0.29734374123815116
  key_passes: 0.2848680622897116
  fouls_suffered_count: -0.25270394716049366
  assists: 0.24748111913240065
  pass_count: 0.22311239708505134
  goal_count: -0.22034718014979585
  successfull_pass_count: 0.2145081992547817
  successfull_dribbles: -0.20268853430749248
  on_target: 0.198676800424793
  dribble_count: -0.1907862278558737
  duel_count: -0.1552073012132004
  won_duels: -0.1397090215568617
  foul_committed_count: -0.1214751144571407
  tackle_count: -0.09323498582810587
  ball_recovery_count: 0.08024028871001665
  interception_count: 0.06960584402820205
  long_carries: 0.051605304982556215
  shot_count: 0.04094251300464407
  block_count: 0.025338655737100257
  pressure_count: 0.013505492878197715
  xG: 0.006728963132800047
  penalites_won: -0.00518087708432428

