Athletic Club - PCA eredmények

Magyarázott variancia arányok:
[0.59726896 0.25664177 0.06296021 0.02171854]
Összegzett variancia arány: 0.9385894824371397

Főkomponens 1 (PC1):
  goal_count: 0.39197992835929846
  xG: 0.3458674327963338
  assists: 0.324034905640072
  on_target: 0.30915919128697983
  penalites_won: 0.27776385743823434
  shot_count: 0.24882116619196476
  xA: 0.21888556364094858
  fouls_suffered_count: 0.21219176829452416
  dispossessed_count: 0.19647704126328094
  key_passes: 0.1779605775825385
  foul_committed_count: 0.1759301399161543
  dribble_count: 0.16824309016217345
  duel_count: 0.16103100355146618
  successful_tackles: 0.14925560446302263
  successfull_dribbles: 0.13230427429380986
  pressure_count: 0.13165104413681086
  won_duels: 0.13114729756271806
  tackle_count: 0.1204919125668022
  block_count: 0.11201229672328923
  interception_count: 0.1039418508894926
  ball_recovery_count: 0.09047092831146446
  pass_count: 0.08155314880870392
  long_carries: 0.07575896071032169
  successfull_pass_count: 0.07313264811593388
  clearance_count: 0.02410784023749634

Főkomponens 2 (PC2):
  interception_count: 0.40712727055960735
  goal_count: -0.382868051034805
  xG: -0.3463665334316727
  successful_tackles: 0.27290068421945873
  tackle_count: 0.26119062290545325
  on_target: -0.25410022370402696
  won_duels: 0.24618817231257517
  successfull_pass_count: 0.20115609417281222
  block_count: 0.1984755249758992
  pass_count: 0.1935922336984783
  pressure_count: 0.17345799044511126
  clearance_count: 0.16790795129946268
  ball_recovery_count: 0.1653778145571137
  long_carries: 0.13170234837048272
  key_passes: 0.12570537382412475
  foul_committed_count: 0.1143736590349405
  shot_count: -0.11419811119167943
  duel_count: 0.10430712019376329
  assists: 0.10204622221320397
  successfull_dribbles: 0.07550782763767411
  dribble_count: 0.06783694187614277
  xA: 0.060730985005788864
  dispossessed_count: -0.03621717558779132
  fouls_suffered_count: 0.03118676448533292
  penalites_won: -0.003851140748249305

Főkomponens 3 (PC3):
  clearance_count: 0.456977648200687
  assists: -0.3832825754270548
  key_passes: -0.33311526197259883
  xA: -0.32295141304909425
  interception_count: 0.3086221877846414
  xG: 0.26691850023299923
  dribble_count: -0.226725523116903
  goal_count: 0.18438107625454023
  successfull_dribbles: -0.16614853541170416
  penalites_won: 0.15726852180020962
  foul_committed_count: 0.1384241260455679
  dispossessed_count: -0.13746052863655864
  duel_count: 0.1366542274684185
  fouls_suffered_count: -0.11589585272557765
  successfull_pass_count: 0.11331863448049807
  block_count: 0.11192222635530835
  pass_count: 0.09795032610747739
  on_target: 0.07023036898505541
  tackle_count: 0.06138490492250041
  won_duels: 0.054929349546796985
  long_carries: 0.052761959338109496
  shot_count: 0.044554963189638024
  pressure_count: -0.041995914579363955
  successful_tackles: -0.03259565901993556
  ball_recovery_count: -0.01822693484350017

Főkomponens 4 (PC4):
  penalites_won: 0.3484950028084907
  dribble_count: -0.3348161776982768
  foul_committed_count: 0.3024107587951705
  long_carries: -0.2936201013799966
  successfull_dribbles: -0.27300923345982697
  assists: 0.2729870412781395
  ball_recovery_count: -0.2593031913801091
  shot_count: 0.21726011637130221
  successfull_pass_count: -0.2082379405068044
  pass_count: -0.20708358807555127
  key_passes: -0.19866705122665473
  fouls_suffered_count: 0.1963914526072142
  goal_count: -0.18834885677019636
  xG: -0.17365545191268558
  won_duels: 0.16627417662649788
  interception_count: -0.12324938697445885
  duel_count: 0.12200533261135821
  successful_tackles: 0.097491102281208
  pressure_count: 0.0973259543874441
  on_target: -0.0890124019798552
  clearance_count: -0.05469024093552769
  xA: -0.05458764680896689
  block_count: -0.046190830147014625
  dispossessed_count: -0.042119646187792105
  tackle_count: 0.029504747637474082

