Carpi - PCA eredmények

Magyarázott variancia arányok:
[0.61491084 0.17453578 0.06069697 0.03750349]
Összegzett variancia arány: 0.8876470822015508

Főkomponens 1 (PC1):
  successful_tackles: 0.30595877917036124
  penalites_won: 0.2996513256092997
  tackle_count: 0.28141514176958493
  won_duels: 0.2794241183674948
  block_count: 0.26718834410140846
  pressure_count: 0.2581352951993017
  interception_count: 0.25203843948188615
  fouls_suffered_count: 0.24558012976139368
  clearance_count: 0.2365192253076519
  foul_committed_count: 0.22629407670075943
  duel_count: 0.22243882626160508
  ball_recovery_count: 0.21197087286856464
  dribble_count: 0.17319432149403144
  successfull_dribbles: 0.1556042438197669
  pass_count: 0.1404106402072392
  long_carries: 0.13698681730469506
  key_passes: 0.13576901615009682
  shot_count: 0.13067710122405513
  successfull_pass_count: 0.12913879436808984
  dispossessed_count: 0.11668837429317191
  xA: 0.11137292673897109
  on_target: 0.09170552742872289
  xG: 0.08128387386777351
  assists: 0.07374412958625223
  goal_count: 0.0675071377204647

Főkomponens 2 (PC2):
  clearance_count: 0.42695782824370265
  xG: -0.3386317747541251
  on_target: -0.299063882825413
  goal_count: -0.2897714036526296
  assists: -0.2812849626516062
  dispossessed_count: -0.2607931374368764
  shot_count: -0.24588202143738572
  xA: -0.2364342974241507
  dribble_count: -0.21885322267220209
  interception_count: 0.20319068864285678
  key_passes: -0.19055249013424036
  successfull_dribbles: -0.18495466292968363
  tackle_count: 0.166394059893765
  won_duels: 0.1421347149188187
  block_count: 0.10775853271477975
  fouls_suffered_count: -0.10624384818804561
  penalites_won: 0.09143852746860769
  long_carries: -0.08048679813483092
  successful_tackles: 0.07861005164340393
  pass_count: 0.05614225511875366
  foul_committed_count: -0.055237872972767076
  duel_count: -0.05323566443967203
  successfull_pass_count: 0.05036536817109699
  ball_recovery_count: 0.050343491908014154
  pressure_count: -0.022755713335145675

Főkomponens 3 (PC3):
  clearance_count: 0.6591355395830961
  xG: 0.3401173813599219
  successful_tackles: -0.297837957601016
  on_target: 0.2978286886140257
  goal_count: 0.2132188983851358
  ball_recovery_count: -0.2081662538985887
  shot_count: 0.19179320265047675
  duel_count: 0.18058580226712476
  dribble_count: -0.1672434286182185
  successfull_dribbles: -0.15047671935611923
  key_passes: -0.10123812599795143
  won_duels: -0.09192540190228903
  long_carries: -0.08672316093049977
  fouls_suffered_count: -0.07237488808902758
  interception_count: -0.07206228667407627
  tackle_count: -0.06775607986930662
  block_count: 0.06371225764709948
  xA: -0.06351308351546807
  foul_committed_count: 0.06264864184106693
  pressure_count: -0.0624318665372141
  pass_count: -0.06018613734156706
  successfull_pass_count: -0.0395705492916275
  penalites_won: 0.03064504047524666
  assists: 0.015369732594608661
  dispossessed_count: -0.011159833708405661

Főkomponens 4 (PC4):
  penalites_won: 0.7237897866453707
  fouls_suffered_count: 0.3974610059951527
  xA: -0.21619636866554787
  pressure_count: -0.21120397221039258
  block_count: -0.18884262366839388
  key_passes: -0.1855638856244348
  assists: -0.15875404037282656
  clearance_count: -0.1493203994734474
  duel_count: -0.13611169995330208
  pass_count: -0.1253637443084334
  ball_recovery_count: -0.11969851845435135
  successfull_pass_count: -0.11516981290404447
  interception_count: 0.10656585784082923
  won_duels: -0.08683460274058445
  xG: 0.080662636460597
  foul_committed_count: -0.07179955978055128
  successful_tackles: -0.07043922930065374
  on_target: 0.06883727903427138
  tackle_count: -0.04743087037873187
  goal_count: 0.04201730288234369
  long_carries: 0.03589073794201531
  shot_count: -0.03096204956717284
  dribble_count: 0.024533285885087113
  successfull_dribbles: 0.0158665220318964
  dispossessed_count: 0.001383746891901483

