Angers - PCA eredmények

Magyarázott variancia arányok:
[0.66123164 0.18631114 0.04643176 0.03825779]
Összegzett variancia arány: 0.9322323359166594

Főkomponens 1 (PC1):
  pressure_count: 0.25688406301436084
  dispossessed_count: 0.22708675349511048
  goal_count: 0.22107801352531048
  duel_count: 0.22052942652260255
  assists: 0.21830304327682298
  shot_count: 0.21799236282729895
  block_count: 0.21687440182654827
  won_duels: 0.21661786428872395
  tackle_count: 0.21486085536319774
  foul_committed_count: 0.21100743784964326
  key_passes: 0.20556922831297653
  clearance_count: 0.205334182122906
  successful_tackles: 0.2039666965113925
  xG: 0.20386332098298984
  fouls_suffered_count: 0.19948380659271778
  on_target: 0.1975184357124513
  penalites_won: 0.1847396884389569
  ball_recovery_count: 0.17979203273509012
  xA: 0.1748610937507717
  interception_count: 0.17018500973791695
  dribble_count: 0.16942793272406972
  long_carries: 0.1680262781691886
  pass_count: 0.1639548854981419
  successfull_pass_count: 0.16110975996131144
  successfull_dribbles: 0.151489751784319

Főkomponens 2 (PC2):
  clearance_count: 0.5796144633901046
  dispossessed_count: -0.30298439872253274
  interception_count: 0.25871611990496485
  assists: -0.24250068159010862
  block_count: 0.2091084254975768
  dribble_count: -0.20661790864636137
  shot_count: -0.18936590448463547
  xA: -0.18645055710327102
  on_target: -0.184854380894264
  successfull_dribbles: -0.17748836337588386
  key_passes: -0.1770173437456703
  penalites_won: 0.1746610196537014
  successfull_pass_count: 0.17394789403496325
  goal_count: -0.15285605508420003
  pass_count: 0.14925200824675053
  tackle_count: 0.14560343727621225
  xG: -0.14344058421644518
  won_duels: 0.1347081965788419
  successful_tackles: 0.09106692068509654
  fouls_suffered_count: -0.08332448602838301
  ball_recovery_count: 0.0683034257027416
  foul_committed_count: 0.05386662492761673
  duel_count: 0.04608926898594545
  long_carries: 0.03408488244435655
  pressure_count: -0.00644227402569117

Főkomponens 3 (PC3):
  goal_count: 0.5158025749600774
  xG: 0.35030190345045387
  dribble_count: -0.32935328788265544
  successfull_dribbles: -0.32183873856709644
  shot_count: 0.27237354534718966
  foul_committed_count: 0.23868941453248924
  interception_count: -0.22549700047787657
  assists: -0.2183590451402289
  clearance_count: 0.1892379635108148
  block_count: -0.18904140450344387
  successfull_pass_count: -0.13589121455081113
  pass_count: -0.1269154722006998
  xA: -0.11936048144515737
  long_carries: -0.09945791991826858
  on_target: 0.09883985480535876
  ball_recovery_count: -0.08778891868556923
  tackle_count: -0.08689891536254409
  penalites_won: 0.06904927040502801
  key_passes: -0.06029869265569682
  duel_count: 0.05387603031944297
  dispossessed_count: -0.04805830922288033
  fouls_suffered_count: -0.0170481056318305
  won_duels: -0.016179248416725706
  successful_tackles: -0.005753495323703042
  pressure_count: -0.001854551713300724

Főkomponens 4 (PC4):
  assists: 0.47361715412734884
  key_passes: 0.4025276436331209
  dispossessed_count: -0.37922605423341227
  fouls_suffered_count: -0.2943614827682812
  dribble_count: -0.27903734607003083
  xA: 0.24242917643531336
  successfull_dribbles: -0.20838011032944131
  long_carries: -0.20657038281862772
  foul_committed_count: -0.17623654746076822
  shot_count: -0.1628960840150624
  pass_count: 0.14179816819853622
  successfull_pass_count: 0.13520654917722752
  xG: 0.12745327442587673
  duel_count: -0.09209156754293671
  won_duels: 0.09062007805018854
  goal_count: 0.08906790461713403
  interception_count: -0.08251074493714805
  pressure_count: 0.08083882646591066
  ball_recovery_count: 0.05913340241066785
  clearance_count: -0.05861485065300339
  tackle_count: 0.034698406661906066
  on_target: -0.03215055783612526
  successful_tackles: 0.027879686125951937
  block_count: 0.012812337993841096
  penalites_won: -0.012772044351780787

