AS Monaco - PCA eredmények

Magyarázott variancia arányok:
[0.58436516 0.18082765 0.08850143 0.05102425]
Összegzett variancia arány: 0.9047184871963474

Főkomponens 1 (PC1):
  fouls_suffered_count: 0.2557247729904226
  xA: 0.23075564862890324
  assists: 0.2307406213910542
  successful_tackles: 0.2255760772876575
  goal_count: 0.22531543733218887
  pressure_count: 0.21847135077930951
  tackle_count: 0.21514287750808025
  successfull_dribbles: 0.2140940910350329
  dispossessed_count: 0.21396395876915777
  block_count: 0.21341297626869649
  on_target: 0.2090466908793314
  key_passes: 0.2089908920712158
  won_duels: 0.2085417488449325
  long_carries: 0.206820197748834
  dribble_count: 0.20250602768914794
  duel_count: 0.1948707884877255
  foul_committed_count: 0.19075083316779565
  penalites_won: 0.17133998802443698
  successfull_pass_count: 0.16917792634581694
  ball_recovery_count: 0.16713317964001118
  xG: 0.16610059094479893
  pass_count: 0.16527287247635633
  interception_count: 0.16417359554995545
  shot_count: 0.144754724107938
  clearance_count: 0.13248029201243947

Főkomponens 2 (PC2):
  clearance_count: 0.4430284253248969
  dispossessed_count: -0.3032138781030432
  xG: -0.2870941178797744
  interception_count: 0.280348781278687
  successful_tackles: 0.23064711708095603
  successfull_pass_count: 0.21903918918509022
  dribble_count: -0.2136813140280259
  on_target: -0.20962626244424243
  goal_count: -0.20547186773585274
  tackle_count: 0.20474620892630815
  pass_count: 0.19600807120160174
  won_duels: 0.19280670543636574
  successfull_dribbles: -0.1788425350087875
  block_count: 0.17854243358992092
  shot_count: -0.17610455884192047
  xA: -0.1724210916309214
  key_passes: -0.14437905764612644
  assists: -0.11956027826130323
  penalites_won: 0.11554635186686475
  ball_recovery_count: 0.10825672961482273
  foul_committed_count: 0.0841132753456169
  duel_count: 0.07428539904911016
  fouls_suffered_count: -0.04979814686374817
  long_carries: 0.01880850868216564
  pressure_count: -0.0038644496884860623

Főkomponens 3 (PC3):
  assists: 0.583120330511862
  xG: -0.43595158448756044
  xA: 0.34582856798454237
  goal_count: -0.27472574351089984
  on_target: -0.2689496195495044
  clearance_count: -0.24667529387805134
  shot_count: -0.17988706970780824
  penalites_won: -0.16202455760399467
  key_passes: 0.1580778454228358
  successful_tackles: 0.12621094960883478
  block_count: -0.10272905534409112
  duel_count: -0.08862164734787754
  long_carries: 0.07570899276864006
  successfull_dribbles: 0.05923976647652593
  foul_committed_count: -0.05902863716089387
  won_duels: 0.058797624218431335
  ball_recovery_count: 0.04645761803458882
  pressure_count: -0.04344679598251301
  dribble_count: 0.04097445196144542
  tackle_count: 0.037644314442678094
  dispossessed_count: -0.015729961857596116
  pass_count: 0.010653236619948468
  interception_count: -0.004693776692619535
  successfull_pass_count: -0.0032479404072506767
  fouls_suffered_count: -0.00288189813744154

Főkomponens 4 (PC4):
  assists: 0.6041742493561514
  xG: 0.3252356547668237
  successfull_dribbles: -0.30960004549105336
  dispossessed_count: -0.25997244116847196
  clearance_count: 0.24217068696876135
  dribble_count: -0.23340306998706328
  penalites_won: 0.1971449111110275
  foul_committed_count: 0.177538765164123
  long_carries: -0.17452908245957516
  xA: 0.1444432063984874
  successful_tackles: -0.13308113945859532
  goal_count: 0.1302925729997547
  key_passes: -0.12607585522525555
  fouls_suffered_count: -0.12446764665559829
  pressure_count: -0.1243226867515328
  on_target: 0.11797520619834305
  ball_recovery_count: -0.10632819436731224
  won_duels: -0.09295810767422188
  tackle_count: -0.06734983098687151
  successfull_pass_count: -0.05346013992326415
  duel_count: 0.05277802301606879
  shot_count: 0.049004043455941795
  block_count: -0.036757946176501695
  pass_count: -0.03639032795675145
  interception_count: -0.016487654754999803

