Bastia - PCA eredmények

Magyarázott variancia arányok:
[0.57095136 0.23657608 0.05649393 0.04525298]
Összegzett variancia arány: 0.9092743437035677

Főkomponens 1 (PC1):
  dribble_count: 0.2809251455317944
  successfull_dribbles: 0.2735688389339281
  dispossessed_count: 0.2689030180769341
  successful_tackles: 0.2393592086480404
  duel_count: 0.22547734254616153
  foul_committed_count: 0.21766511193415797
  pressure_count: 0.21229277918257586
  fouls_suffered_count: 0.2120192490396887
  shot_count: 0.20867608412625324
  on_target: 0.20508526149508238
  key_passes: 0.20395071733113246
  long_carries: 0.19908044787226073
  block_count: 0.196827222890923
  won_duels: 0.19325347255134284
  tackle_count: 0.19144293183494104
  goal_count: 0.189676461856392
  penalites_won: 0.17820226954449062
  xA: 0.17198518183047984
  xG: 0.17172916030061647
  interception_count: 0.16857329647884658
  ball_recovery_count: 0.1623465869145144
  assists: 0.15154899963495197
  successfull_pass_count: 0.136088848260001
  pass_count: 0.13596991626561766
  clearance_count: 0.08530323715516462

Főkomponens 2 (PC2):
  clearance_count: 0.5811883215698461
  interception_count: 0.3152157962644139
  tackle_count: 0.2302421688555433
  won_duels: 0.22189684128445647
  dispossessed_count: -0.21580402459135262
  shot_count: -0.20756521230345257
  on_target: -0.20328221582128897
  successful_tackles: 0.202323013176652
  goal_count: -0.20036848259675744
  penalites_won: 0.1861038803711981
  dribble_count: -0.18163634293104747
  xG: -0.17712774303950898
  block_count: 0.16877092473443905
  key_passes: -0.15693524640633222
  xA: -0.15013239583918064
  successfull_dribbles: -0.14835787975571854
  successfull_pass_count: 0.13478508060726785
  pass_count: 0.12309870389362938
  assists: -0.093365326819518
  duel_count: 0.060501748371624336
  pressure_count: 0.05487868908369829
  ball_recovery_count: 0.0377911291047186
  foul_committed_count: 0.032416627756664054
  fouls_suffered_count: -0.024168477305143467
  long_carries: 0.010658061615696705

Főkomponens 3 (PC3):
  clearance_count: 0.5409277274653708
  successful_tackles: -0.3288339167814426
  goal_count: 0.29280227277204113
  successfull_dribbles: -0.2544376075990648
  xG: 0.24182228836096803
  on_target: 0.21171316271082277
  penalites_won: 0.2059355943258661
  interception_count: -0.20575989143799855
  duel_count: 0.20399578143633523
  dribble_count: -0.1930226057498328
  shot_count: 0.1887025256752001
  won_duels: -0.16841822591481875
  ball_recovery_count: -0.15596878637045417
  assists: 0.14235288801670262
  xA: 0.14228378204592307
  tackle_count: -0.1290059749110679
  successfull_pass_count: -0.09937843987828814
  dispossessed_count: -0.08517092902078532
  pass_count: -0.08325465977918642
  key_passes: 0.07685965741240088
  fouls_suffered_count: 0.04485469442819254
  block_count: 0.03740340025925047
  long_carries: -0.03572957364778026
  pressure_count: -0.03348886081095387
  foul_committed_count: -0.025407793658195687

Főkomponens 4 (PC4):
  penalites_won: 0.5152335974111486
  duel_count: 0.357116249926864
  clearance_count: -0.3164575191118558
  foul_committed_count: 0.2678159094765095
  key_passes: -0.2510924560922729
  xA: -0.24106960931793034
  successfull_dribbles: -0.2122411786616423
  fouls_suffered_count: 0.2036568711191552
  dispossessed_count: 0.19689046778529193
  long_carries: -0.1929665565723856
  successful_tackles: 0.16532116159580734
  on_target: -0.1585584420234226
  assists: -0.1322147154121539
  dribble_count: -0.13025474690634214
  pass_count: -0.12411005443555773
  interception_count: -0.11258189767543227
  successfull_pass_count: -0.1112129796841413
  ball_recovery_count: -0.09334914448511251
  xG: 0.07722140014068878
  tackle_count: -0.07192997523893704
  shot_count: 0.03960327495000904
  block_count: -0.03084044832258735
  goal_count: -0.027996948811456278
  pressure_count: 0.02246956838909201
  won_duels: 0.020509308409066725

