Bordeaux - PCA eredmények

Magyarázott variancia arányok:
[0.59841787 0.20800744 0.06636915 0.04636537]
Összegzett variancia arány: 0.919159833649434

Főkomponens 1 (PC1):
  dispossessed_count: 0.2681366795762195
  dribble_count: 0.25350986318614616
  assists: 0.24906519029634835
  successfull_dribbles: 0.23881659680278183
  successful_tackles: 0.2303642592571011
  xG: 0.2278550889144189
  won_duels: 0.2210987365988679
  goal_count: 0.21522298971936094
  pressure_count: 0.21408673931404584
  tackle_count: 0.21340588399637245
  duel_count: 0.20996819176092202
  on_target: 0.20853428606191723
  shot_count: 0.20006681907200743
  key_passes: 0.19987631823635305
  fouls_suffered_count: 0.1996969803894756
  xA: 0.1921899693305078
  penalites_won: 0.19178126678256316
  long_carries: 0.17537329665990498
  block_count: 0.17214979940082822
  foul_committed_count: 0.15490852706817
  interception_count: 0.1448947047985687
  ball_recovery_count: 0.14235796755046734
  successfull_pass_count: 0.13420455069402779
  pass_count: 0.1293234744825825
  clearance_count: 0.10803766233647631

Főkomponens 2 (PC2):
  clearance_count: 0.40946613597597115
  assists: -0.3411994826410184
  interception_count: 0.30278274261904314
  tackle_count: 0.2762529967681757
  won_duels: 0.2530109804093706
  xG: -0.2474839294156049
  goal_count: -0.24625802327439922
  on_target: -0.22329299379429346
  xA: -0.1990938110691803
  successfull_pass_count: 0.18568892589936586
  penalites_won: 0.18520284630564837
  successful_tackles: 0.17247952020292
  pass_count: 0.16661606873258103
  dispossessed_count: -0.16536845771350622
  key_passes: -0.15283844292853066
  shot_count: -0.12876442193547494
  block_count: 0.12113482261757859
  dribble_count: -0.1141758352979702
  ball_recovery_count: 0.11351228117511283
  duel_count: 0.09865497228913597
  pressure_count: 0.09286057933356215
  successfull_dribbles: -0.09172522514043818
  foul_committed_count: 0.08042381442716548
  long_carries: 0.0688899124360564
  fouls_suffered_count: 0.019186742299209206

Főkomponens 3 (PC3):
  goal_count: 0.5766183407698637
  clearance_count: 0.39709284461538513
  penalites_won: 0.2725684296750003
  xG: 0.25489441519687217
  successful_tackles: -0.2311680547458272
  on_target: 0.2062147887493001
  dribble_count: -0.1960055106410246
  successfull_dribbles: -0.18844789023413439
  assists: -0.17244324851998438
  key_passes: -0.16263755010636663
  won_duels: -0.1479467375491462
  duel_count: 0.14300393510369447
  shot_count: 0.1386011368574212
  dispossessed_count: -0.1341800709494509
  tackle_count: -0.13163655922911277
  xA: -0.12987606315205474
  long_carries: -0.11303195989583446
  pressure_count: -0.0956706597279153
  foul_committed_count: 0.05079213385392124
  ball_recovery_count: -0.043908742972999876
  fouls_suffered_count: 0.04346559694970328
  block_count: -0.042901794443203474
  successfull_pass_count: 0.019471173969906108
  pass_count: 0.013688419836416275
  interception_count: 0.00028873025324126683

Főkomponens 4 (PC4):
  assists: 0.5842277386055473
  xA: 0.35103905215865566
  dribble_count: -0.3498464524052126
  key_passes: 0.30649515390615334
  successfull_dribbles: -0.30572616649347856
  dispossessed_count: -0.24872353108162132
  successful_tackles: -0.17106009190817648
  clearance_count: 0.15480988519704136
  shot_count: -0.13382064821347878
  xG: -0.13206482828948593
  successfull_pass_count: 0.13108822074970977
  penalites_won: 0.12968559755005749
  on_target: -0.11776971919269695
  pass_count: 0.11767597585899375
  goal_count: -0.07024898252581849
  block_count: 0.04939117494439921
  interception_count: 0.03653328391609719
  foul_committed_count: 0.03359224019757381
  duel_count: 0.03284506045871522
  tackle_count: -0.030476694329604457
  fouls_suffered_count: 0.02340110934523153
  long_carries: -0.020995224003100034
  ball_recovery_count: -0.01877216963873851
  pressure_count: -0.01614665976441993
  won_duels: 0.006526659101206316

