Caen - PCA eredmények

Magyarázott variancia arányok:
[0.58837136 0.20811317 0.09516257 0.04602229]
Összegzett variancia arány: 0.9376693848489401

Főkomponens 1 (PC1):
  on_target: 0.4083885669230523
  shot_count: 0.33450198824332095
  xG: 0.31701696665999723
  goal_count: 0.30477484147684725
  dispossessed_count: 0.288896267457592
  key_passes: 0.22765837526537863
  xA: 0.22345249158980854
  penalites_won: 0.22237359654266708
  dribble_count: 0.1899821174152002
  duel_count: 0.18982774010863318
  fouls_suffered_count: 0.17221192743615224
  successfull_dribbles: 0.16719178803676468
  assists: 0.15531437955954613
  foul_committed_count: 0.13870194552154225
  ball_recovery_count: 0.13438276073287797
  pressure_count: 0.1336030456605002
  long_carries: 0.1328583009971964
  block_count: 0.12353974258486235
  pass_count: 0.10089697009530409
  successful_tackles: 0.0944549888614671
  interception_count: 0.0879297566439296
  tackle_count: 0.08627444054719993
  won_duels: 0.08193484254591915
  successfull_pass_count: 0.08158474272552509
  clearance_count: 0.060848679781137074

Főkomponens 2 (PC2):
  clearance_count: 0.42488142745890406
  tackle_count: 0.35897581045118054
  won_duels: 0.3333104413347806
  on_target: -0.3033331153613352
  interception_count: 0.26961903263229015
  successful_tackles: 0.2671862719178144
  block_count: 0.2664872243112795
  pressure_count: 0.2120564239838376
  shot_count: -0.2061027051688094
  xG: -0.19314771529806543
  goal_count: -0.17087832583878446
  duel_count: 0.14504539810971825
  successfull_pass_count: 0.14246287449524528
  ball_recovery_count: 0.14176915343405136
  pass_count: 0.13667992991806976
  long_carries: 0.12951046913027145
  dispossessed_count: -0.08934797669052595
  key_passes: 0.07419575156452976
  assists: 0.053808421155233044
  xA: 0.052928782617018784
  foul_committed_count: 0.03079440548006988
  successfull_dribbles: 0.022920126836900093
  fouls_suffered_count: -0.019332448808794433
  dribble_count: 0.018980852657302785
  penalites_won: 0.013267887519014846

Főkomponens 3 (PC3):
  assists: 0.48806484131380606
  clearance_count: -0.47550755621490604
  key_passes: 0.37590462378740247
  penalites_won: -0.30674062324624934
  xA: 0.2693950356232481
  xG: -0.17189675433562884
  foul_committed_count: -0.17009995405549314
  on_target: -0.16132731449346266
  dribble_count: 0.15577578778583115
  successfull_dribbles: 0.14327134628053131
  goal_count: -0.13683971899647956
  dispossessed_count: 0.12113034728143292
  shot_count: -0.11993944839449477
  duel_count: -0.11650254946754132
  ball_recovery_count: 0.09695249859869232
  pressure_count: 0.07566234114455465
  pass_count: 0.0732418981878264
  long_carries: 0.07056967755607031
  successfull_pass_count: 0.054365499870132776
  won_duels: -0.04787812037627035
  interception_count: 0.04637276655375563
  tackle_count: -0.046069979085719436
  successful_tackles: -0.029746406224294943
  fouls_suffered_count: -0.029189595545381482
  block_count: 0.018249140050679888

Főkomponens 4 (PC4):
  clearance_count: 0.5446166522567459
  assists: 0.3986742890457931
  won_duels: -0.28071087893640323
  tackle_count: -0.2755777952892188
  pressure_count: -0.2483646440765885
  successful_tackles: -0.24109922347664225
  foul_committed_count: -0.21602968856162358
  penalites_won: 0.18328910172435858
  goal_count: 0.17992427943997502
  dribble_count: -0.14643888947252526
  duel_count: -0.13680129478079067
  key_passes: 0.13362234380738827
  successfull_dribbles: -0.11955711082142385
  ball_recovery_count: 0.11384201137020673
  on_target: -0.10824685324525557
  xA: 0.09817218109395079
  shot_count: -0.09741154020147841
  long_carries: 0.08847681622367187
  pass_count: 0.08793491545743351
  successfull_pass_count: 0.08740212143237679
  fouls_suffered_count: 0.08297880355814818
  dispossessed_count: -0.08082897396695597
  block_count: -0.048735861903378794
  interception_count: 0.03655417356603567
  xG: 0.02859239297961144

