Gazélec Ajaccio - PCA eredmények

Magyarázott variancia arányok:
[0.52757137 0.25575531 0.07294635 0.0376685 ]
Összegzett variancia arány: 0.8939415326725628

Főkomponens 1 (PC1):
  successful_tackles: 0.33547933446806255
  won_duels: 0.28742904283819654
  tackle_count: 0.2858507233976961
  interception_count: 0.2761430381368331
  key_passes: 0.2375012416515725
  foul_committed_count: 0.2353690303577213
  pressure_count: 0.23472148214332964
  clearance_count: 0.22959077255800184
  duel_count: 0.21744617066255228
  assists: 0.217343219851839
  block_count: 0.19654927476991732
  xA: 0.1874254449142882
  dispossessed_count: 0.185856332293022
  ball_recovery_count: 0.17127878476261427
  pass_count: 0.1671659775567574
  long_carries: 0.16338787444728312
  successfull_pass_count: 0.16309244130078598
  penalites_won: 0.14330346387609189
  shot_count: 0.14173511076222792
  dribble_count: 0.13688809007145905
  successfull_dribbles: 0.13626280892766138
  fouls_suffered_count: 0.11396764421502407
  on_target: 0.09419775720421883
  goal_count: 0.08411934865375635
  xG: 0.08362694686371094

Főkomponens 2 (PC2):
  goal_count: 0.39206709116196314
  clearance_count: -0.3897084282736628
  on_target: 0.34923241982862824
  xG: 0.3089952533364624
  interception_count: -0.2992934575792884
  shot_count: 0.276912033347882
  key_passes: 0.25310369994347626
  dispossessed_count: 0.23578095508532174
  xA: 0.1859085198971753
  tackle_count: -0.17257868359505624
  won_duels: -0.15398558910015073
  assists: 0.14015634470855745
  dribble_count: 0.13871144223313037
  successful_tackles: -0.11784573001402353
  penalites_won: -0.11766423316531383
  successfull_dribbles: 0.09784323511012923
  block_count: -0.07641243539047463
  duel_count: 0.07070995691834586
  pressure_count: 0.06484927314926207
  successfull_pass_count: -0.06407097367355082
  pass_count: -0.0598976054629847
  long_carries: -0.03987181654523558
  fouls_suffered_count: 0.03450550566360306
  ball_recovery_count: -0.03386700043948472
  foul_committed_count: 0.012109492205470774

Főkomponens 3 (PC3):
  clearance_count: 0.4491794702941878
  penalites_won: 0.3952952656667194
  goal_count: 0.3330674271056047
  assists: -0.3273936526723632
  xG: 0.2738556923442015
  duel_count: 0.2332845636265483
  ball_recovery_count: -0.2192012491497757
  on_target: 0.19863166353259004
  key_passes: -0.16487461146756135
  xA: -0.16402883244943597
  shot_count: 0.16298068914097333
  fouls_suffered_count: 0.15444269376114594
  dribble_count: -0.13829339744892896
  successfull_dribbles: -0.13793029915813382
  long_carries: -0.13455907648866045
  pass_count: -0.11832939856402963
  successful_tackles: -0.10549052096087502
  successfull_pass_count: -0.07804617251767539
  dispossessed_count: -0.0711931177325152
  won_duels: -0.05278234866811264
  tackle_count: -0.04919973907309839
  interception_count: 0.0475398047333158
  foul_committed_count: 0.03733291814366608
  block_count: 0.031997102300895225
  pressure_count: -0.0015229444988536314

Főkomponens 4 (PC4):
  ball_recovery_count: 0.3512744242908838
  successful_tackles: -0.33225038693514075
  dispossessed_count: -0.2992887776128927
  pass_count: 0.29717377297929504
  key_passes: 0.28594262635177414
  successfull_pass_count: 0.27366794175260395
  penalites_won: 0.25326494279907646
  assists: 0.240721644831314
  dribble_count: -0.24043191339645756
  successfull_dribbles: -0.22507691386746045
  tackle_count: -0.1986699019636936
  clearance_count: 0.1913881655051211
  interception_count: -0.1899253824348862
  won_duels: -0.17007704358790474
  duel_count: -0.12597029172790117
  long_carries: 0.11772895556911432
  xA: 0.10634609151647731
  fouls_suffered_count: 0.0758153568698522
  foul_committed_count: 0.06897085880691323
  block_count: -0.06282774737015295
  shot_count: 0.03863895074800131
  goal_count: -0.0289581737174557
  xG: -0.02876095180448998
  pressure_count: 0.028500546594474114
  on_target: 0.023601450145397447

