Guingamp - PCA eredmények

Magyarázott variancia arányok:
[0.60572243 0.20630372 0.05498267 0.04596474]
Összegzett variancia arány: 0.9129735600278106

Főkomponens 1 (PC1):
  dispossessed_count: 0.33107652966854195
  assists: 0.32513242738992826
  goal_count: 0.26482355023225973
  fouls_suffered_count: 0.2552614874829167
  dribble_count: 0.25435690166354824
  penalites_won: 0.24483277157216185
  xA: 0.23831147331589322
  successfull_dribbles: 0.22472245518802644
  shot_count: 0.22460387085056455
  on_target: 0.22233084011901663
  key_passes: 0.20126495441637626
  xG: 0.20041462880565364
  successful_tackles: 0.18057564667910744
  duel_count: 0.17213004470786863
  pressure_count: 0.1705926467388603
  foul_committed_count: 0.16010846937725673
  long_carries: 0.1543565955774818
  won_duels: 0.1462090222669124
  ball_recovery_count: 0.14247159733975875
  tackle_count: 0.12521418722671587
  block_count: 0.12495591787155046
  pass_count: 0.08890608207247795
  interception_count: 0.08498338854097473
  successfull_pass_count: 0.08368386836921086
  clearance_count: 0.03172721419493897

Főkomponens 2 (PC2):
  clearance_count: 0.4734882569186622
  interception_count: 0.32759584355730687
  tackle_count: 0.30046869446467384
  won_duels: 0.29956763289970434
  successful_tackles: 0.29081698363385783
  block_count: 0.22544742921718006
  assists: -0.1935588592844949
  xG: -0.1932275149916164
  successfull_pass_count: 0.17178099561526033
  dispossessed_count: -0.17103398815334916
  goal_count: -0.1657947197912933
  pass_count: 0.15222129786771094
  shot_count: -0.15047967824848998
  on_target: -0.1461112639552839
  xA: -0.14140938719904478
  pressure_count: 0.1377151255105497
  ball_recovery_count: 0.13694693874467057
  key_passes: -0.1274067674928926
  long_carries: 0.11434370913893532
  duel_count: 0.11248161737709812
  foul_committed_count: 0.10860121713716618
  penalites_won: 0.07855505081696808
  dribble_count: -0.074981468059918
  successfull_dribbles: -0.034454559214632044
  fouls_suffered_count: 0.020035145819959334

Főkomponens 3 (PC3):
  successfull_dribbles: 0.46313611328424753
  dribble_count: 0.4055543147776013
  clearance_count: -0.35306115819649064
  assists: -0.3434195042963877
  xA: -0.299899067472783
  xG: -0.2688861171566803
  key_passes: -0.20330095858453415
  foul_committed_count: 0.17414848922286696
  successful_tackles: 0.17203522928066126
  dispossessed_count: 0.16523658711835734
  successfull_pass_count: -0.13248495356637555
  pass_count: -0.12026470322967789
  goal_count: -0.11342143397354185
  penalites_won: -0.1040294537584022
  fouls_suffered_count: 0.08342260843270834
  long_carries: 0.07727682203139943
  duel_count: -0.0757205167095509
  won_duels: 0.06647658673879768
  block_count: -0.05023099891229489
  shot_count: 0.04504159649496733
  pressure_count: 0.04229575710825229
  tackle_count: 0.04213166980586619
  interception_count: -0.023906214243996346
  ball_recovery_count: 0.012856787448529758
  on_target: -0.0022773357685097226

Főkomponens 4 (PC4):
  assists: 0.4616840397395844
  xG: -0.4157406311715172
  goal_count: -0.34843488493998376
  xA: 0.31883423497346114
  key_passes: 0.3009505212654164
  penalites_won: -0.2984433459738817
  on_target: -0.23014168715318042
  shot_count: -0.1440711411391224
  duel_count: -0.143502858082386
  clearance_count: -0.13844081389894533
  dribble_count: 0.12877062965570746
  successfull_dribbles: 0.11861470295938074
  foul_committed_count: -0.11816134662660535
  fouls_suffered_count: -0.10288098659364293
  long_carries: 0.09837039839982585
  tackle_count: 0.09290796926092088
  ball_recovery_count: 0.0896920221352007
  won_duels: 0.08777045819678368
  pass_count: 0.06579204971533416
  successfull_pass_count: 0.0426324445784373
  pressure_count: 0.03355553052298359
  dispossessed_count: -0.03163925656028139
  interception_count: 0.013075175071900329
  block_count: 0.009943661990345635
  successful_tackles: 0.005228412730115137

