Lille - PCA eredmények

Magyarázott variancia arányok:
[0.68604237 0.17521372 0.03843502 0.02943506]
Összegzett variancia arány: 0.9291261752889607

Főkomponens 1 (PC1):
  successfull_dribbles: 0.3509197219768445
  dribble_count: 0.3340890731194674
  dispossessed_count: 0.2712872377866965
  key_passes: 0.24906417274247064
  successful_tackles: 0.24042323608795166
  xA: 0.23071517459353375
  goal_count: 0.21426946562624477
  tackle_count: 0.20323259604923175
  fouls_suffered_count: 0.2009629696074309
  won_duels: 0.19915582400578533
  long_carries: 0.19025810571651608
  on_target: 0.17671793897101065
  assists: 0.17305291208416473
  foul_committed_count: 0.16848718416442504
  shot_count: 0.16543843821544002
  pressure_count: 0.16189182648878273
  block_count: 0.1568708229903881
  penalites_won: 0.15414135825303718
  duel_count: 0.15337419703237307
  interception_count: 0.1393173495163343
  successfull_pass_count: 0.13875905287998383
  ball_recovery_count: 0.13779823466708907
  pass_count: 0.13758964448697728
  xG: 0.13744082662559926
  clearance_count: 0.06787841461637416

Főkomponens 2 (PC2):
  successfull_dribbles: 0.34824018066882834
  clearance_count: -0.34524532883229575
  interception_count: -0.3212552690049204
  penalites_won: -0.29624555677833886
  dribble_count: 0.29188024356430275
  goal_count: 0.24632488384128481
  tackle_count: -0.23807800652096212
  block_count: -0.2196737048278003
  won_duels: -0.21951327832365988
  successfull_pass_count: -0.21267563152426583
  pass_count: -0.1985004286585471
  dispossessed_count: 0.16604464813677078
  ball_recovery_count: -0.15786300497013492
  xA: 0.14713166971279054
  duel_count: -0.14093830762363416
  on_target: 0.13938778087844644
  pressure_count: -0.13835814033981494
  successful_tackles: -0.12201992806522284
  key_passes: 0.0981292598992251
  assists: 0.08659919118260435
  fouls_suffered_count: -0.08103099247579273
  long_carries: -0.07944151436097523
  xG: 0.071221545008326
  foul_committed_count: -0.038804482530287225
  shot_count: 0.02988671474287891

Főkomponens 3 (PC3):
  on_target: 0.3787357530697145
  penalites_won: 0.3663848313846309
  goal_count: 0.3381786457110681
  xG: 0.31159747288104644
  clearance_count: 0.2575282401317829
  assists: 0.2568264862689836
  successful_tackles: -0.21953104483619976
  shot_count: 0.2074976553239789
  duel_count: 0.19177118991665687
  key_passes: -0.1886117358531265
  long_carries: -0.18333354047042363
  dribble_count: -0.17541398501114408
  successfull_dribbles: -0.1663291065601447
  ball_recovery_count: -0.15493883359921198
  tackle_count: -0.14718857733814855
  won_duels: -0.14700070869557036
  successfull_pass_count: -0.12628053974348818
  pass_count: -0.11112351752496183
  foul_committed_count: 0.08640077971682325
  pressure_count: -0.07944171476157691
  block_count: 0.07168790931403714
  fouls_suffered_count: 0.06223565472915439
  xA: -0.05117017128554826
  dispossessed_count: -0.03289977736252929
  interception_count: -0.029535955375401934

Főkomponens 4 (PC4):
  clearance_count: 0.5800515964641996
  assists: -0.4908341972458813
  successfull_dribbles: 0.2864405196691197
  dribble_count: 0.2547554764798824
  pressure_count: -0.24254697102770825
  goal_count: 0.23029116225431817
  key_passes: -0.2177605372425825
  shot_count: -0.1396834929246827
  successfull_pass_count: -0.12525704307439597
  block_count: 0.11041592413100905
  pass_count: -0.1011236397840231
  fouls_suffered_count: -0.09960221567110009
  xA: -0.0958549462565747
  successful_tackles: 0.09128244795798389
  won_duels: 0.08819582088084445
  penalites_won: -0.07508605802735938
  ball_recovery_count: -0.07313397567574591
  interception_count: 0.057271649854826426
  foul_committed_count: -0.048009147657954436
  duel_count: -0.04722781848614906
  long_carries: -0.046425051105346865
  on_target: -0.03578563227471897
  dispossessed_count: -0.0283484390596577
  xG: -0.02155402115248776
  tackle_count: -0.006818194109183799

