Lorient - PCA eredmények

Magyarázott variancia arányok:
[0.55439228 0.23013095 0.10756178 0.03299696]
Összegzett variancia arány: 0.925081976506213

Főkomponens 1 (PC1):
  dispossessed_count: 0.30035577838428523
  goal_count: 0.2996854039139066
  xG: 0.2743345196508456
  on_target: 0.246077545516765
  successfull_dribbles: 0.2410473715193898
  dribble_count: 0.23737529409041128
  shot_count: 0.22992352843073435
  long_carries: 0.21086977861057138
  assists: 0.20609918734075094
  key_passes: 0.20146702839339123
  pressure_count: 0.19960140133642088
  xA: 0.18859026538205215
  fouls_suffered_count: 0.18604813317380908
  duel_count: 0.1816806302120814
  successful_tackles: 0.1700594973689291
  successfull_pass_count: 0.16939344460706351
  foul_committed_count: 0.16453143892780814
  won_duels: 0.16402479294084035
  pass_count: 0.16019778693677883
  tackle_count: 0.15183837293523392
  ball_recovery_count: 0.15006312970178642
  penalites_won: 0.14956288656780714
  interception_count: 0.1457633685454613
  block_count: 0.12181920191065027
  clearance_count: 0.07073129299377061

Főkomponens 2 (PC2):
  goal_count: 0.45650663960710325
  xG: 0.4227119015780318
  on_target: 0.28124780268373895
  interception_count: -0.2735226475499955
  clearance_count: -0.2367380464636311
  won_duels: -0.2215799537600449
  successfull_pass_count: -0.2143634177581869
  tackle_count: -0.21178565623990764
  pass_count: -0.192804568027944
  successful_tackles: -0.18813000938279015
  block_count: -0.18762896046452854
  shot_count: 0.18494195185588205
  ball_recovery_count: -0.1790614409047685
  long_carries: -0.16459599603801514
  pressure_count: -0.12874135126275155
  dispossessed_count: 0.12198190683417563
  foul_committed_count: -0.11092988059333456
  penalites_won: -0.0708509316414814
  fouls_suffered_count: -0.06481421101974552
  successfull_dribbles: -0.05921483552150991
  assists: 0.04684971050745676
  duel_count: -0.04359635499663851
  key_passes: -0.02221680431465609
  dribble_count: -0.02070042942619912
  xA: -0.02050202864622663

Főkomponens 3 (PC3):
  assists: 0.46025578709875375
  xA: 0.4163701296761718
  clearance_count: -0.3971135462818763
  key_passes: 0.37185813710622045
  goal_count: -0.29866270535502254
  penalites_won: -0.20487698554990685
  interception_count: -0.1791228211081083
  duel_count: -0.1711264457970512
  xG: -0.16781535645921655
  dribble_count: 0.151377989828389
  block_count: -0.12231340557811367
  successfull_dribbles: 0.11269497953801744
  long_carries: 0.10326331895699117
  foul_committed_count: -0.0904556555049785
  won_duels: -0.08968718907910847
  on_target: -0.08801639229797019
  tackle_count: -0.07860584202354699
  dispossessed_count: 0.06377321196885645
  shot_count: -0.02698488873516591
  successfull_pass_count: -0.026848086458836014
  ball_recovery_count: -0.025065484046555175
  successful_tackles: -0.016829893526780864
  fouls_suffered_count: -0.011909758532058534
  pressure_count: -0.01081018228341188
  pass_count: -0.0063468312087597255

Főkomponens 4 (PC4):
  clearance_count: 0.6039345917586363
  key_passes: 0.28554362693956975
  xA: 0.2477931395348675
  foul_committed_count: -0.24767114250999825
  dispossessed_count: -0.24715568741317298
  dribble_count: -0.2316456966372333
  assists: 0.21791037206369718
  successfull_dribbles: -0.21328806164903052
  tackle_count: -0.2128470351902721
  won_duels: -0.19747283880704694
  penalites_won: 0.16926033764203907
  goal_count: 0.14878151812796978
  duel_count: -0.13054338287161987
  pass_count: 0.12838744095825502
  pressure_count: -0.11998413536818187
  successfull_pass_count: 0.11500207005133987
  ball_recovery_count: 0.08008445417364186
  interception_count: -0.07607291715244609
  long_carries: 0.07504301466001223
  on_target: 0.06829027479627889
  successful_tackles: -0.037213242791129836
  block_count: 0.03528786830898865
  shot_count: -0.034741404485618396
  fouls_suffered_count: 0.020612410356648216
  xG: 0.016569187595193918

