Lyon - PCA eredmények

Magyarázott variancia arányok:
[0.60280258 0.21909203 0.10344709 0.01819167]
Összegzett variancia arány: 0.9435333706993685

Főkomponens 1 (PC1):
  goal_count: 0.3751616035133173
  xG: 0.3593007542358248
  on_target: 0.3054977936476302
  xA: 0.26060223093273077
  shot_count: 0.25345936967643606
  assists: 0.24168039198171173
  key_passes: 0.23734297443893376
  dispossessed_count: 0.22258215382582858
  dribble_count: 0.19526350717910002
  successfull_dribbles: 0.19138276741440327
  fouls_suffered_count: 0.18925192455410178
  pressure_count: 0.15653089991952662
  successful_tackles: 0.1552483974797785
  long_carries: 0.15034775228647476
  foul_committed_count: 0.14734885187608807
  duel_count: 0.13929653205996978
  successfull_pass_count: 0.13821546931592962
  penalites_won: 0.13300565837138056
  won_duels: 0.13291844666920807
  pass_count: 0.13184262242418043
  tackle_count: 0.12511996639810183
  ball_recovery_count: 0.11278311944180192
  block_count: 0.10773010130633989
  interception_count: 0.06558613450596892
  clearance_count: 0.036979026971563425

Főkomponens 2 (PC2):
  goal_count: 0.430076679904404
  xG: 0.35995270418906794
  successfull_pass_count: -0.28968659942513897
  clearance_count: -0.2629547712637981
  pass_count: -0.25062497984138804
  tackle_count: -0.2463771033972247
  on_target: 0.24099489304078178
  won_duels: -0.22949683931620793
  interception_count: -0.2217392467271393
  long_carries: -0.22160856374135812
  successful_tackles: -0.20218446593786651
  ball_recovery_count: -0.19519808590768928
  penalites_won: -0.15575810079208896
  block_count: -0.1351244173770444
  pressure_count: -0.12820597015741325
  duel_count: -0.1274992758521983
  shot_count: 0.1103207282793813
  assists: -0.10307814291433218
  foul_committed_count: -0.10110030680412717
  fouls_suffered_count: -0.09042962641137452
  xA: -0.04367865179202674
  key_passes: -0.04076056948548593
  dribble_count: 0.022342084009742795
  successfull_dribbles: -0.015632102727094383
  dispossessed_count: 0.012798471374686543

Főkomponens 3 (PC3):
  assists: 0.491235669402775
  xA: 0.4319111597099311
  key_passes: 0.35453305393943363
  xG: -0.29594605326261414
  goal_count: -0.27707196539221096
  clearance_count: -0.26851367843627044
  interception_count: -0.19225426523178804
  dispossessed_count: 0.18519420523848995
  penalites_won: -0.1810127284295648
  block_count: -0.12557982986590313
  successfull_dribbles: 0.11874829280277895
  won_duels: -0.1088739747148739
  duel_count: -0.10456325989402532
  successfull_pass_count: -0.10148534952841862
  dribble_count: 0.09130534121347565
  tackle_count: -0.0909279696910005
  ball_recovery_count: -0.0802390655814266
  pass_count: -0.07399860113340008
  successful_tackles: -0.06790197857475995
  foul_committed_count: -0.05718270606986352
  fouls_suffered_count: -0.05598518978391188
  on_target: -0.03765083225542414
  pressure_count: -0.035620411863187346
  long_carries: -0.025403357290265376
  shot_count: -0.01211706308940568

Főkomponens 4 (PC4):
  assists: 0.5736395274330169
  tackle_count: 0.315319712196763
  fouls_suffered_count: -0.30038393271439756
  dispossessed_count: -0.28510813204135993
  won_duels: 0.27915186647530954
  key_passes: -0.24904335244272965
  penalites_won: -0.23207407961882068
  long_carries: -0.17247083486431689
  xA: -0.15979222382765845
  successful_tackles: 0.15457987385619804
  successfull_dribbles: -0.14509391593716137
  shot_count: 0.13130928522331686
  goal_count: 0.1299317607631257
  ball_recovery_count: -0.11906782206450167
  duel_count: 0.11762794705808362
  dribble_count: -0.09768940158593054
  interception_count: 0.0939899367680512
  pressure_count: 0.07835675946674783
  pass_count: -0.07503285721643244
  successfull_pass_count: -0.07448650803791196
  clearance_count: -0.07077649604318226
  foul_committed_count: -0.036599766832077066
  xG: 0.03493362689707781
  block_count: 0.018964955136082116
  on_target: -0.014082788336683551

