Marseille - PCA eredmények

Magyarázott variancia arányok:
[0.55460584 0.24106554 0.08211215 0.05359217]
Összegzett variancia arány: 0.9313756856731302

Főkomponens 1 (PC1):
  on_target: 0.40286394082034727
  xG: 0.4018285993338004
  goal_count: 0.3772511608965628
  shot_count: 0.30603605760742136
  dispossessed_count: 0.302115966494726
  assists: 0.23790676731949442
  dribble_count: 0.21648260683172657
  successfull_dribbles: 0.20012722229811503
  xA: 0.19397322169947684
  fouls_suffered_count: 0.1720547837595688
  key_passes: 0.16701066432770556
  pressure_count: 0.13688816260637987
  foul_committed_count: 0.1321643939465845
  long_carries: 0.12468326613086111
  duel_count: 0.11701715247657157
  penalites_won: 0.10836089087121618
  block_count: 0.09333223519527338
  ball_recovery_count: 0.07668651013538477
  won_duels: 0.06593579655867299
  successful_tackles: 0.06377840700057301
  tackle_count: 0.06271534841385652
  pass_count: 0.05389153782934916
  successfull_pass_count: 0.05238994330778078
  clearance_count: -0.02239591765359693
  interception_count: 0.00836870640424604

Főkomponens 2 (PC2):
  successful_tackles: 0.3621764412777063
  won_duels: 0.30784962395756127
  tackle_count: 0.28424837214783055
  xG: -0.2736048775643434
  successfull_pass_count: 0.2536124484139985
  clearance_count: 0.2520717470226553
  interception_count: 0.2516960198732736
  pass_count: 0.22453301979239665
  goal_count: -0.22069513257422774
  long_carries: 0.2150789895725731
  ball_recovery_count: 0.20562207536265706
  on_target: -0.20019985255568334
  successfull_dribbles: 0.16188792438938454
  block_count: 0.16053268709975602
  duel_count: 0.15529985260340293
  pressure_count: 0.14899599763523647
  fouls_suffered_count: 0.1466245971488402
  shot_count: -0.1429473881179442
  dribble_count: 0.12678630347656514
  key_passes: 0.11658518000975039
  foul_committed_count: 0.10126303567535018
  penalites_won: 0.0840024970445573
  xA: 0.08058170679103556
  assists: -0.06579583238123772
  dispossessed_count: 0.03768174340985105

Főkomponens 3 (PC3):
  clearance_count: 0.4909770006200092
  dribble_count: -0.3595269035203943
  successfull_dribbles: -0.29291618886539617
  xG: 0.2794653358594081
  key_passes: -0.2769861876991121
  interception_count: 0.27522756387262837
  xA: -0.2692268418668994
  dispossessed_count: -0.2451899596793955
  goal_count: 0.19992406019382095
  successfull_pass_count: 0.15501990046192823
  penalites_won: 0.14845623320447773
  duel_count: 0.14232634558456686
  long_carries: -0.11774470637981478
  pass_count: 0.11721845296588601
  on_target: 0.10947121127934502
  foul_committed_count: 0.09593611607449663
  shot_count: 0.08614765822558645
  block_count: 0.07407711002407631
  fouls_suffered_count: -0.05942093648426795
  assists: 0.0508201196102742
  ball_recovery_count: 0.05016079858817389
  tackle_count: 0.04919857448866991
  pressure_count: -0.02893736859024077
  successful_tackles: 0.02341476176105376
  won_duels: 0.016593657709038322

Főkomponens 4 (PC4):
  assists: 0.5911874880873002
  xA: 0.46301273224001765
  key_passes: 0.4386658260210243
  dispossessed_count: -0.28790603061748216
  dribble_count: -0.2415367610464079
  successfull_dribbles: -0.18937648933458986
  goal_count: -0.13298112807508417
  on_target: -0.105144972993611
  ball_recovery_count: -0.09246432380899348
  fouls_suffered_count: -0.08557499829143306
  long_carries: -0.064345882406278
  pass_count: 0.05749465692389534
  interception_count: 0.054733954154609764
  successfull_pass_count: 0.051795600597274394
  pressure_count: -0.046200503949918426
  foul_committed_count: -0.04457455084907764
  xG: 0.04208350527012029
  block_count: -0.03706620466100924
  shot_count: -0.03673121489942659
  tackle_count: 0.01003356155017057
  duel_count: -0.008884528538959905
  won_duels: -0.006598474077583844
  successful_tackles: 0.003366928625089094
  clearance_count: 0.002110181944522993
  penalites_won: 0.002072891941771526

