Montpellier - PCA eredmények

Magyarázott variancia arányok:
[0.64411493 0.18866305 0.08106321 0.0361942 ]
Összegzett variancia arány: 0.9500353875508301

Főkomponens 1 (PC1):
  assists: 0.3161248597857434
  xA: 0.2893727963244166
  dispossessed_count: 0.28567321720136335
  key_passes: 0.2851542438059693
  dribble_count: 0.2673553518398307
  successfull_dribbles: 0.25559799253523746
  fouls_suffered_count: 0.21044506205215938
  long_carries: 0.20880698779624285
  pressure_count: 0.18978417179984827
  successfull_pass_count: 0.1790572547045713
  pass_count: 0.17796358779534316
  successful_tackles: 0.1777956277033219
  penalites_won: 0.1702680700180188
  ball_recovery_count: 0.1664907891561792
  shot_count: 0.16256608385103033
  block_count: 0.15848919660145552
  won_duels: 0.15736225962067085
  goal_count: 0.15288606039908464
  tackle_count: 0.1499478795104119
  on_target: 0.14951713265536112
  duel_count: 0.14790795551734343
  xG: 0.1478755296114849
  interception_count: 0.14531105037568567
  foul_committed_count: 0.14253776773489088
  clearance_count: 0.10458391897027364

Főkomponens 2 (PC2):
  clearance_count: 0.4043686501697948
  assists: -0.38116130500514134
  penalites_won: 0.30682167853286807
  key_passes: -0.30455442515382897
  interception_count: 0.3042334347596579
  xA: -0.3026930379496197
  tackle_count: 0.21395357680093213
  dispossessed_count: -0.19897598614032322
  won_duels: 0.1970690875353711
  block_count: 0.1724958844246916
  successful_tackles: 0.1649842887276277
  ball_recovery_count: 0.15717453779754764
  fouls_suffered_count: 0.1424371083908464
  successfull_pass_count: 0.13417622753297564
  duel_count: 0.11512359671483972
  foul_committed_count: 0.11465351345774522
  pass_count: 0.11448673482402968
  long_carries: 0.08842617463204315
  on_target: -0.0785708243927202
  dribble_count: -0.0763422823207855
  xG: -0.0681816159916353
  shot_count: -0.06470960262944604
  pressure_count: 0.06260184922923223
  successfull_dribbles: -0.05827883701050535
  goal_count: -0.021815452086427697

Főkomponens 3 (PC3):
  goal_count: 0.4775819714427044
  on_target: 0.43903693841030755
  xG: 0.4158480929623045
  key_passes: -0.3438910766959158
  xA: -0.28724449122657186
  foul_committed_count: 0.18178184040515588
  shot_count: 0.17701558547107407
  clearance_count: -0.15446970101159374
  pass_count: -0.1336749525842482
  successfull_pass_count: -0.1275996628548456
  fouls_suffered_count: 0.11773524577240496
  dispossessed_count: 0.10927407589119155
  penalites_won: 0.09028567559777664
  successful_tackles: -0.08789250453512576
  won_duels: -0.08592425783923485
  duel_count: 0.07724056817862024
  tackle_count: -0.07446442718059391
  interception_count: -0.07134201586528029
  assists: -0.06451063129712792
  block_count: -0.060089396586047776
  ball_recovery_count: -0.05981259341323561
  successfull_dribbles: -0.044931939469252585
  pressure_count: 0.04222421346599784
  long_carries: -0.03675819666405158
  dribble_count: 0.03009407297727765

Főkomponens 4 (PC4):
  clearance_count: 0.4658706808447188
  dribble_count: -0.39936381807062615
  assists: 0.3794761118706689
  fouls_suffered_count: -0.3791544116820947
  successfull_dribbles: -0.3596052758816099
  xG: 0.20995011639484554
  on_target: 0.18606407749489817
  duel_count: 0.16172784740472287
  interception_count: 0.15035725859567003
  xA: 0.14054817518353033
  dispossessed_count: -0.1294976068229691
  shot_count: 0.1063569303912757
  penalites_won: -0.08019242588929408
  goal_count: 0.08018792754268962
  foul_committed_count: -0.07933974745737205
  tackle_count: 0.05656119464063756
  key_passes: 0.046085544667015976
  long_carries: -0.038767173870260026
  pressure_count: -0.03541856074737065
  block_count: 0.03492250721511889
  won_duels: -0.03351897701584925
  ball_recovery_count: -0.03154155067602427
  successful_tackles: -0.020060432369844842
  successfull_pass_count: -0.01064951871927678
  pass_count: 0.0031068421954904544

