Nantes - PCA eredmények

Magyarázott variancia arányok:
[0.61622462 0.19243539 0.07419081 0.03565552]
Összegzett variancia arány: 0.9185063296986503

Főkomponens 1 (PC1):
  dispossessed_count: 0.27445887035053756
  key_passes: 0.25150830493582965
  pressure_count: 0.2323851727705155
  duel_count: 0.2277371194192692
  assists: 0.2260711512469695
  successful_tackles: 0.2258210100088322
  xA: 0.22469058350969
  foul_committed_count: 0.22373177377749462
  shot_count: 0.22146716661908458
  successfull_dribbles: 0.21870078374261226
  on_target: 0.2183932857961876
  dribble_count: 0.20792228059544152
  won_duels: 0.19649876031722982
  tackle_count: 0.1962584605747268
  long_carries: 0.1952835576677767
  block_count: 0.1847933098316236
  fouls_suffered_count: 0.18292021152342397
  xG: 0.17437971084399476
  goal_count: 0.16884849538571142
  ball_recovery_count: 0.16570678772514297
  penalites_won: 0.1564378182367375
  pass_count: 0.14892139251762287
  successfull_pass_count: 0.14613649275081445
  interception_count: 0.13425068146331232
  clearance_count: 0.09909199033800764

Főkomponens 2 (PC2):
  clearance_count: 0.4729716471604541
  interception_count: 0.3110296567818607
  xG: -0.273172938613745
  on_target: -0.2709676086675218
  goal_count: -0.2548426057948327
  successful_tackles: 0.24104816302239426
  won_duels: 0.24006029819542513
  tackle_count: 0.23637496119277784
  shot_count: -0.22708362544669428
  assists: -0.21487813995969537
  successfull_pass_count: 0.19020176881543235
  xA: -0.18192266999746673
  pass_count: 0.1720968854816087
  dispossessed_count: -0.15047151611698784
  block_count: 0.14278627607104225
  ball_recovery_count: 0.13486779498957885
  key_passes: -0.1261887040821692
  long_carries: 0.1177407162853214
  dribble_count: -0.057295847604210644
  duel_count: 0.04043826455562868
  pressure_count: 0.03437138397096532
  fouls_suffered_count: -0.030311132906289357
  foul_committed_count: 0.015080531122377451
  successfull_dribbles: -0.008607624508099794
  penalites_won: -0.002411394945272122

Főkomponens 3 (PC3):
  clearance_count: 0.5633621764320752
  xG: 0.2766122066479745
  duel_count: 0.2532829463908994
  on_target: 0.23860980226451484
  successfull_dribbles: -0.23219583732301538
  shot_count: 0.22733757386350087
  foul_committed_count: 0.22721575239748837
  penalites_won: 0.21999176198511283
  key_passes: -0.21970554310620855
  long_carries: -0.21931636470299545
  goal_count: 0.1871120161106518
  dribble_count: -0.18585552220204982
  ball_recovery_count: -0.18101875207346374
  assists: -0.16796309869258982
  successful_tackles: -0.13746477237808752
  tackle_count: -0.09605460707912322
  won_duels: -0.08162343315926886
  dispossessed_count: -0.07878756462122329
  xA: -0.06639573737751564
  pass_count: -0.05037636900825831
  successfull_pass_count: -0.04404040728048535
  fouls_suffered_count: -0.037711667531245927
  pressure_count: -0.025562396415986285
  block_count: 0.022957214733620626
  interception_count: -0.004141429656458719

Főkomponens 4 (PC4):
  assists: 0.5412628614746048
  successfull_dribbles: -0.409116757132809
  dribble_count: -0.3902391192203453
  ball_recovery_count: 0.22565307819951114
  penalites_won: -0.22489922621491396
  goal_count: -0.2187970080978553
  block_count: 0.21634521788291516
  xA: 0.17041988660256227
  successful_tackles: -0.16359956329729042
  pressure_count: 0.14487060635852306
  key_passes: 0.13795492756992742
  duel_count: -0.125898315887431
  won_duels: -0.12160114214885509
  dispossessed_count: -0.11940519590607505
  clearance_count: 0.11509381026259827
  fouls_suffered_count: -0.10151283663577587
  pass_count: 0.09620219877002302
  successfull_pass_count: 0.0843892497504234
  long_carries: 0.056329684213420515
  foul_committed_count: 0.05515476723752945
  shot_count: 0.052486038347634274
  xG: 0.029710077114161303
  tackle_count: -0.022609404470401415
  on_target: 0.010513960194906757
  interception_count: 0.008443881960847138

