OGC Nice - PCA eredmények

Magyarázott variancia arányok:
[0.64197477 0.22737314 0.03987092 0.03650042]
Összegzett variancia arány: 0.9457192494367973

Főkomponens 1 (PC1):
  assists: 0.31102400289204296
  goal_count: 0.304215700643872
  successfull_dribbles: 0.2892325455581568
  dribble_count: 0.27358509873120307
  on_target: 0.24220703050711012
  dispossessed_count: 0.240980260162552
  xA: 0.23551455846774938
  long_carries: 0.22722198972034544
  xG: 0.21514067108519463
  shot_count: 0.19942578177593773
  successfull_pass_count: 0.19786018828359267
  key_passes: 0.19219202265037633
  pass_count: 0.18454663652629674
  fouls_suffered_count: 0.18191267435742817
  pressure_count: 0.17221367673520463
  won_duels: 0.15592366884052825
  successful_tackles: 0.1505927021713437
  tackle_count: 0.1479082753884027
  duel_count: 0.14641881160527737
  ball_recovery_count: 0.13462696767500668
  block_count: 0.13123048210874738
  interception_count: 0.11677025222690049
  foul_committed_count: 0.11647799327261836
  penalites_won: 0.10083556544125832
  clearance_count: 0.08005222351407405

Főkomponens 2 (PC2):
  goal_count: 0.4167601198210091
  xG: 0.27670968397783324
  won_duels: -0.27508525576787224
  tackle_count: -0.27220662530963097
  on_target: 0.2657772881710479
  successful_tackles: -0.265521284471356
  successfull_pass_count: -0.25706975283223693
  interception_count: -0.2560200990700293
  clearance_count: -0.23994336798793833
  pass_count: -0.21866111716125616
  shot_count: 0.1871158059092931
  block_count: -0.17862883147293854
  penalites_won: -0.14385701663700015
  duel_count: -0.14277239986387244
  ball_recovery_count: -0.14069473610939562
  pressure_count: -0.1402685535632352
  dribble_count: 0.12263844889699908
  foul_committed_count: -0.11166873818996173
  successfull_dribbles: 0.10298675672063828
  dispossessed_count: 0.10193144778578594
  long_carries: -0.08952162543439532
  xA: 0.08740322661175488
  fouls_suffered_count: -0.08715487418648825
  assists: 0.04831312172028733
  key_passes: 0.01609388083708799

Főkomponens 3 (PC3):
  successfull_dribbles: 0.5156585184987811
  dribble_count: 0.39697060073373985
  long_carries: 0.297304299850424
  xG: -0.2690675306731743
  duel_count: -0.2607119251272344
  on_target: -0.25400022780137765
  dispossessed_count: 0.23309765169368138
  clearance_count: -0.21296241764900242
  key_passes: -0.1941363966613067
  assists: -0.18019827979424916
  penalites_won: -0.16125516729684083
  xA: -0.15924769636004285
  goal_count: -0.13763431012707014
  pressure_count: -0.10252664427913688
  ball_recovery_count: 0.09300593992744827
  tackle_count: -0.08599564939052196
  successfull_pass_count: 0.06519833006791374
  won_duels: -0.05346437092660672
  pass_count: 0.051402230653416814
  shot_count: -0.049858640521072015
  fouls_suffered_count: 0.039646274954241244
  foul_committed_count: -0.034486867390498555
  block_count: -0.03318116852809276
  interception_count: -0.020277082926356264
  successful_tackles: -0.003843794393960245

Főkomponens 4 (PC4):
  clearance_count: 0.5829669169596288
  assists: -0.44293466039891743
  key_passes: -0.2452052136076461
  pressure_count: -0.24506945206503564
  goal_count: 0.23495488231316863
  xA: -0.21212718147892046
  penalites_won: 0.1991607636737357
  interception_count: 0.1933786849191786
  xG: 0.1854272455592787
  long_carries: 0.15281518176963318
  successful_tackles: -0.13477938992632144
  on_target: 0.12517544944618697
  won_duels: -0.12294429048164278
  tackle_count: -0.10585485258632588
  pass_count: 0.09868983928027102
  successfull_pass_count: 0.09496947618841045
  dispossessed_count: -0.09092622543673022
  shot_count: 0.08409369175021779
  successfull_dribbles: 0.05985487878101797
  foul_committed_count: -0.051490980317702585
  block_count: 0.04908389593002203
  dribble_count: 0.041911798554453164
  ball_recovery_count: 0.041237549415823166
  duel_count: 0.03779392150538657
  fouls_suffered_count: -0.031531106443097506

