Paris Saint-Germain - PCA eredmények

Magyarázott variancia arányok:
[0.70924846 0.13851914 0.09290686 0.02955776]
Összegzett variancia arány: 0.9702322211775939

Főkomponens 1 (PC1):
  goal_count: 0.5629632679743968
  assists: 0.40021399226554855
  xG: 0.3939756643442093
  on_target: 0.38864189968718377
  xA: 0.279436517330073
  shot_count: 0.25890764667840693
  key_passes: 0.17329538795456984
  dispossessed_count: 0.10945447301203091
  dribble_count: 0.08781781040907066
  successfull_dribbles: 0.08428269478420092
  long_carries: 0.06512192781720472
  fouls_suffered_count: 0.05451968648439146
  pass_count: 0.040839527470948246
  successfull_pass_count: 0.034403323815597256
  ball_recovery_count: 0.03352989919776334
  foul_committed_count: 0.030398319305009937
  pressure_count: 0.02908481287523235
  successful_tackles: 0.0272983797942956
  penalites_won: 0.020482349429035478
  block_count: 0.015484563108921948
  duel_count: 0.010930522487053387
  won_duels: 0.008877538743444564
  clearance_count: -0.008513281564714332
  tackle_count: 0.005657345292902737
  interception_count: 0.005522190173868712

Főkomponens 2 (PC2):
  assists: 0.32752569655309877
  goal_count: -0.3254981914254463
  successfull_pass_count: 0.29920441629166683
  xA: 0.284963992089376
  pass_count: 0.26083659412791027
  key_passes: 0.24751523828901678
  xG: -0.24536443026260438
  long_carries: 0.22713162421288227
  successful_tackles: 0.19739477795605143
  won_duels: 0.19442006565607536
  on_target: -0.18693234192580402
  successfull_dribbles: 0.18682734749859722
  dribble_count: 0.1863684505409479
  tackle_count: 0.1820350700550136
  interception_count: 0.16020528482521884
  dispossessed_count: 0.15001486347199827
  pressure_count: 0.14854631274287888
  block_count: 0.13734954012804965
  ball_recovery_count: 0.12409751743137595
  duel_count: 0.11750462064685493
  fouls_suffered_count: 0.11192395306737911
  penalites_won: 0.0978450103399484
  clearance_count: 0.09476974802279246
  foul_committed_count: 0.08492179027127734
  shot_count: -0.06224020076792429

Főkomponens 3 (PC3):
  assists: 0.5024501437340977
  successfull_pass_count: -0.29446715095887704
  xA: 0.292120841493177
  xG: -0.24640929370705647
  clearance_count: -0.23705646597833172
  pass_count: -0.2300213513330252
  won_duels: -0.22758573656483413
  tackle_count: -0.21726053819117844
  key_passes: 0.20315297828359435
  successful_tackles: -0.1949971277537791
  interception_count: -0.19055773162068923
  goal_count: -0.18917677964534155
  duel_count: -0.1639918748870406
  foul_committed_count: -0.16181483666393598
  block_count: -0.15381367883231864
  penalites_won: -0.12529292179554977
  pressure_count: -0.11727556967075305
  on_target: -0.10626828425365188
  ball_recovery_count: -0.10376664545802004
  fouls_suffered_count: -0.1032129964458199
  long_carries: -0.09595881098784051
  shot_count: -0.07650932538464801
  dribble_count: 0.035212356248731536
  dispossessed_count: 0.006683733460270124
  successfull_dribbles: 0.0059219599614290346

Főkomponens 4 (PC4):
  dispossessed_count: 0.40694764807797257
  successfull_dribbles: 0.393426276809439
  assists: -0.3721243768197587
  dribble_count: 0.347219012796164
  clearance_count: -0.33947300527846463
  successfull_pass_count: -0.2697919740596773
  pass_count: -0.21563625366063346
  fouls_suffered_count: 0.20628975182693918
  successful_tackles: 0.17830710236615555
  key_passes: 0.15764027677418216
  penalites_won: -0.12998521569013188
  block_count: -0.12963925349790348
  xG: 0.12116755050313456
  goal_count: -0.10170962776637599
  interception_count: -0.0929292603437072
  won_duels: 0.07557624454012296
  foul_committed_count: 0.0601473147199325
  shot_count: 0.05730033955776756
  pressure_count: 0.04919562259594352
  long_carries: 0.045954620999355655
  duel_count: 0.030563098417584564
  tackle_count: 0.027242326930206784
  on_target: 0.0205210387153048
  xA: -0.011954449174415066
  ball_recovery_count: 0.00969276444593468

