Rennes - PCA eredmények

Magyarázott variancia arányok:
[0.52710999 0.2878035  0.05626032 0.04475878]
Összegzett variancia arány: 0.9159325950412203

Főkomponens 1 (PC1):
  goal_count: 0.28242591609656864
  successfull_dribbles: 0.2637772012721028
  dribble_count: 0.2582218322303965
  assists: 0.2524670029021781
  dispossessed_count: 0.2521947065615553
  xG: 0.24540087745090244
  on_target: 0.23875142332941976
  shot_count: 0.21083796304333424
  pressure_count: 0.20929994064617638
  duel_count: 0.19277786776167097
  fouls_suffered_count: 0.19171669217408524
  successful_tackles: 0.18995961406973425
  won_duels: 0.1898927964512509
  xA: 0.18814857438732036
  tackle_count: 0.18801952011169357
  long_carries: 0.18163700923476678
  key_passes: 0.1810385951745763
  block_count: 0.17303126417278553
  penalites_won: 0.172797326114798
  foul_committed_count: 0.16756132103504032
  successfull_pass_count: 0.14121093356444386
  pass_count: 0.13777561299717112
  ball_recovery_count: 0.13273807708555602
  interception_count: 0.12437656982748606
  clearance_count: 0.09319946097102165

Főkomponens 2 (PC2):
  goal_count: 0.3637207021402404
  won_duels: -0.28394972044975986
  tackle_count: -0.2834298801897392
  on_target: 0.2656869818879453
  successful_tackles: -0.26409365075840835
  clearance_count: -0.25800066434482444
  interception_count: -0.23355124228014884
  xG: 0.22409781285451522
  block_count: -0.2033939002567179
  successfull_pass_count: -0.1989692161052026
  dribble_count: 0.19506009590313253
  shot_count: 0.18095970831484576
  pass_count: -0.17053621359159993
  assists: 0.16676359665098667
  foul_committed_count: -0.1649270737168536
  pressure_count: -0.16395889528151228
  successfull_dribbles: 0.16008463596833764
  duel_count: -0.15955572482124414
  xA: 0.1543544067484697
  ball_recovery_count: -0.1536291033707971
  penalites_won: -0.1282992814927214
  key_passes: 0.09346914671443904
  fouls_suffered_count: -0.07856227214014691
  dispossessed_count: 0.04518085732546099
  long_carries: -0.020742549305908107

Főkomponens 3 (PC3):
  clearance_count: 0.6536957307202563
  goal_count: 0.29353993103919346
  dispossessed_count: -0.2819837765115261
  interception_count: 0.2707174541195507
  successful_tackles: -0.26353006504742077
  xG: 0.2342244657027661
  pressure_count: -0.18645024101631638
  fouls_suffered_count: -0.153722726369672
  dribble_count: -0.14586577353712188
  won_duels: -0.13767723252244402
  successfull_dribbles: -0.12192883044934207
  shot_count: 0.11561197052831222
  ball_recovery_count: 0.10854308655353283
  tackle_count: -0.1060573427283764
  assists: -0.10310726738061048
  on_target: 0.10246254102654802
  pass_count: 0.10061410970077096
  successfull_pass_count: 0.0979050449760962
  block_count: 0.07790793052948936
  long_carries: 0.07619141279250961
  key_passes: -0.06900808068835258
  duel_count: -0.03203618109318621
  xA: -0.02983117048237256
  foul_committed_count: 0.008587466982331676
  penalites_won: 0.007095234121393602

Főkomponens 4 (PC4):
  successfull_dribbles: 0.42987795745676444
  foul_committed_count: -0.3837088264903511
  dribble_count: 0.3565453033465307
  xG: -0.35551122867970003
  penalites_won: -0.2789013207331956
  shot_count: -0.2590193207336824
  long_carries: 0.22052459495366725
  clearance_count: 0.21016571425522665
  duel_count: -0.20329961321884024
  interception_count: 0.14168872672035449
  xA: 0.1356822281677568
  key_passes: 0.13385029083384914
  ball_recovery_count: 0.12695465707442902
  pressure_count: -0.12680201920516707
  successfull_pass_count: 0.11597174272179196
  pass_count: 0.11204259734297037
  on_target: -0.10519895549290602
  goal_count: -0.07263878805650927
  fouls_suffered_count: -0.052756283286871875
  block_count: -0.02422932415156469
  dispossessed_count: -0.022592842620332777
  assists: 0.016444709416282097
  tackle_count: -0.014702280776623049
  won_duels: 0.009009216956691228
  successful_tackles: 0.007687840818350264

