Saint-Étienne - PCA eredmények

Magyarázott variancia arányok:
[0.48462324 0.26660701 0.10402774 0.04139759]
Összegzett variancia arány: 0.896655580809476

Főkomponens 1 (PC1):
  xG: 0.25932958705888587
  dispossessed_count: 0.2577565508911383
  goal_count: 0.24996299122207657
  on_target: 0.24619089753940357
  shot_count: 0.23097064159359387
  xA: 0.2193023763315054
  key_passes: 0.215673828022673
  foul_committed_count: 0.2147351354852618
  pressure_count: 0.20901785876764106
  duel_count: 0.20616979729375756
  successful_tackles: 0.19721985074470053
  assists: 0.19666663562262568
  long_carries: 0.19326992124871759
  block_count: 0.19270833419436748
  won_duels: 0.18661130085666078
  fouls_suffered_count: 0.18643904367799094
  penalites_won: 0.18577096757076436
  clearance_count: 0.18239883464259982
  tackle_count: 0.18205247013406028
  dribble_count: 0.1797290428527208
  ball_recovery_count: 0.1620076037964376
  successfull_pass_count: 0.1522509352373703
  successfull_dribbles: 0.1507289562237486
  pass_count: 0.1484682949223992
  interception_count: 0.1178783103158337

Főkomponens 2 (PC2):
  clearance_count: 0.4407086702647418
  xG: -0.30100013149012717
  goal_count: -0.2707785635671051
  won_duels: 0.26376366673943297
  tackle_count: 0.2531936984521261
  on_target: -0.2450117513903256
  successfull_pass_count: 0.22968719794521048
  successful_tackles: 0.2163032240738923
  dispossessed_count: -0.21616982262240128
  shot_count: -0.21193560114791773
  interception_count: 0.21190629231109712
  pass_count: 0.19836547771261379
  xA: -0.19416463996111938
  assists: -0.14825553703923958
  block_count: 0.147133580687309
  ball_recovery_count: 0.14038409367316068
  key_passes: -0.1322877951777846
  dribble_count: -0.10165063436976815
  duel_count: 0.10088459991248225
  penalites_won: 0.09387604061449746
  pressure_count: 0.0922620750519946
  foul_committed_count: 0.08599599066806562
  successfull_dribbles: -0.06714053101549114
  long_carries: 0.056857936211671366
  fouls_suffered_count: -0.03456814088517337

Főkomponens 3 (PC3):
  clearance_count: 0.5736847182349234
  goal_count: 0.4141878016954827
  xG: 0.3041557353710056
  penalites_won: 0.26478709104533904
  dribble_count: -0.2475752594121948
  dispossessed_count: -0.2277928690118348
  pressure_count: -0.1925453792200131
  successful_tackles: -0.17280205787719133
  successfull_dribbles: -0.16109383598943708
  key_passes: -0.14585803297128697
  on_target: 0.14062151671288764
  won_duels: -0.14031229707832232
  xA: -0.1186606396172644
  assists: -0.0952058229794814
  block_count: -0.08914983697600316
  long_carries: -0.08746650846705244
  ball_recovery_count: -0.08640841876298715
  tackle_count: -0.08188418189579177
  fouls_suffered_count: 0.07457053966552414
  foul_committed_count: -0.06739143268125465
  shot_count: 0.06007078955364963
  duel_count: -0.0431244918360443
  interception_count: -0.02960623010415206
  pass_count: -0.021466416557476064
  successfull_pass_count: -0.009183480205601568

Főkomponens 4 (PC4):
  clearance_count: 0.40862203414575904
  dispossessed_count: 0.34026979961367254
  penalites_won: -0.2940804955228172
  foul_committed_count: -0.2877355113636142
  assists: -0.277733862351257
  successfull_dribbles: 0.26736813804171217
  dribble_count: 0.25865159713388436
  ball_recovery_count: 0.22331144892575136
  tackle_count: -0.22011249504989944
  won_duels: -0.21807888793037555
  long_carries: 0.20094341832585957
  goal_count: -0.19554706025839058
  pressure_count: -0.17789576512727434
  key_passes: -0.15065300797329756
  on_target: 0.13557887032852878
  block_count: 0.11622121655523927
  fouls_suffered_count: -0.10978318389587646
  shot_count: 0.07137905407640271
  xA: 0.049343050684774424
  duel_count: -0.02987571874473373
  xG: -0.02468760905686065
  successfull_pass_count: -0.016887639075177926
  successful_tackles: -0.015562051492939233
  pass_count: 0.009757118155999691
  interception_count: 0.0039046551408532548

