Stade de Reims - PCA eredmények

Magyarázott variancia arányok:
[0.64954385 0.22030768 0.05130183 0.02626382]
Összegzett variancia arány: 0.9474171779128162

Főkomponens 1 (PC1):
  xA: 0.26362361068564866
  successful_tackles: 0.25398411221581685
  assists: 0.25248379891176614
  dispossessed_count: 0.2512764366757078
  key_passes: 0.24785926562944954
  on_target: 0.23869423934935866
  fouls_suffered_count: 0.23650319322091265
  dribble_count: 0.21665633768797263
  shot_count: 0.2042695212085076
  won_duels: 0.19699025485976476
  xG: 0.19616021303387438
  foul_committed_count: 0.1911285649174662
  block_count: 0.18753388806410323
  duel_count: 0.18635084009923714
  pressure_count: 0.18625116480310727
  successfull_dribbles: 0.18582761896689606
  tackle_count: 0.18546566504953288
  penalites_won: 0.17410011307688553
  interception_count: 0.17296062693984202
  ball_recovery_count: 0.16884189959828272
  long_carries: 0.16864839451329974
  goal_count: 0.1606711619366761
  pass_count: 0.1329443610969172
  successfull_pass_count: 0.1265097847227939
  clearance_count: 0.1099952338723379

Főkomponens 2 (PC2):
  clearance_count: 0.3983527992921078
  interception_count: 0.3238543589285537
  block_count: 0.2724484191350041
  xG: -0.25791892966666446
  on_target: -0.2511362651090123
  tackle_count: 0.23138827277665025
  assists: -0.22774607263221935
  won_duels: 0.21987752201705354
  xA: -0.21906932922408015
  successful_tackles: 0.2101239551123121
  shot_count: -0.20539540035358378
  successfull_pass_count: 0.19491414760510348
  dispossessed_count: -0.1943858941387596
  pass_count: 0.16999215052457364
  dribble_count: -0.1647702560717646
  goal_count: -0.1524377655812195
  ball_recovery_count: 0.13558352167478685
  key_passes: -0.12953085848775497
  pressure_count: 0.12507674346894815
  penalites_won: 0.1202342081463511
  duel_count: 0.10106449422390068
  successfull_dribbles: -0.08904990566036362
  fouls_suffered_count: -0.052556177727387236
  long_carries: 0.04792116445881736
  foul_committed_count: 0.031665012240337735

Főkomponens 3 (PC3):
  clearance_count: 0.6305647855618524
  goal_count: 0.4155378062457858
  successful_tackles: -0.3341590109259628
  xG: 0.2871785248206206
  on_target: 0.18898395546755875
  penalites_won: 0.1603144238271275
  tackle_count: -0.15039625179286945
  won_duels: -0.14654430069377603
  key_passes: -0.14461624011999488
  pressure_count: -0.1321401175236284
  xA: -0.11657152471527489
  successfull_dribbles: -0.10627626989579839
  assists: 0.10334166759635979
  dispossessed_count: -0.09989689856381231
  foul_committed_count: -0.09733799216936131
  dribble_count: -0.09728902619244949
  shot_count: 0.09563329182242672
  ball_recovery_count: -0.08126013962610627
  successfull_pass_count: 0.06976571179601664
  pass_count: 0.04925250055246419
  interception_count: 0.04521444245992088
  fouls_suffered_count: -0.03035228799892439
  long_carries: 0.026672545379651465
  block_count: -0.017104012161474266
  duel_count: 0.01428201250636125

Főkomponens 4 (PC4):
  assists: 0.41577914703766006
  goal_count: -0.40824534647042166
  xA: 0.2842952959110781
  pressure_count: -0.2833573882296455
  key_passes: 0.2532694024063196
  xG: -0.24798871905278308
  clearance_count: 0.2379150864056365
  on_target: -0.21484067536567272
  duel_count: -0.2084883856318089
  dribble_count: 0.18180797807758936
  successful_tackles: -0.17320852353733424
  penalites_won: 0.16919873922792603
  fouls_suffered_count: 0.15648897170603793
  won_duels: -0.15602442298289698
  dispossessed_count: -0.14106549745998612
  long_carries: 0.11267419433357546
  foul_committed_count: -0.10666728301169334
  shot_count: -0.09896334133358942
  tackle_count: -0.09787233588353675
  interception_count: 0.09246570222176599
  successfull_dribbles: 0.07535069648733232
  ball_recovery_count: -0.06812256575018202
  pass_count: 0.06487765355397629
  block_count: 0.018085204700730467
  successfull_pass_count: 0.014520483406423843

