Toulouse - PCA eredmények

Magyarázott variancia arányok:
[0.57756385 0.26704146 0.07372543 0.02851246]
Összegzett variancia arány: 0.9468432010158624

Főkomponens 1 (PC1):
  xG: 0.4586998881173311
  on_target: 0.38596732385043814
  goal_count: 0.3723081064214589
  shot_count: 0.2949836275929267
  dispossessed_count: 0.26444168157409065
  xA: 0.20963012691128355
  dribble_count: 0.19892538646049623
  successfull_dribbles: 0.18209152883425875
  assists: 0.1662431453393488
  key_passes: 0.16127846084132177
  pressure_count: 0.15868368881628575
  fouls_suffered_count: 0.15742991926307168
  duel_count: 0.1504181364684098
  successful_tackles: 0.14951785366958326
  long_carries: 0.11407845557097902
  foul_committed_count: 0.10870972500581663
  won_duels: 0.10495242299546625
  ball_recovery_count: 0.10387956152399329
  tackle_count: 0.09290915595780891
  block_count: 0.08434552864163948
  penalites_won: 0.07665358998356146
  pass_count: 0.06594221373770127
  successfull_pass_count: 0.06440920510923469
  interception_count: 0.051350850122006284
  clearance_count: -0.020128717118646864

Főkomponens 2 (PC2):
  xG: 0.37363828964987944
  successful_tackles: -0.359923352445534
  won_duels: -0.32095735704905726
  tackle_count: -0.3174779020929073
  goal_count: 0.3121940693428526
  on_target: 0.24490323173345313
  pressure_count: -0.18181870545500745
  interception_count: -0.1752261787768322
  foul_committed_count: -0.16736826276611041
  clearance_count: -0.16427383012046917
  block_count: -0.16257064704701932
  duel_count: -0.15747115933120293
  successfull_dribbles: -0.14763257816750108
  shot_count: 0.1460355265435736
  xA: -0.13755307354988908
  dispossessed_count: -0.1322952058343125
  dribble_count: -0.132005872366559
  ball_recovery_count: -0.12571589459588947
  long_carries: -0.1242843049845078
  penalites_won: -0.1242414900722041
  fouls_suffered_count: -0.11731743125327762
  key_passes: -0.10901053524249206
  successfull_pass_count: -0.10709778956321117
  pass_count: -0.106495978163982
  assists: -0.08659775100284643

Főkomponens 3 (PC3):
  clearance_count: 0.5990881438219507
  xA: -0.29683665143972293
  assists: -0.28516132300110913
  dispossessed_count: -0.23326708351594108
  xG: 0.22828362063955907
  interception_count: 0.22698792310707444
  key_passes: -0.21696584757271323
  penalites_won: 0.2162855772670891
  dribble_count: -0.2136746921160935
  successfull_dribbles: -0.19524510254555488
  block_count: 0.18940141862725393
  duel_count: 0.1360598439960529
  tackle_count: 0.1343223170823068
  won_duels: 0.12709773191265739
  goal_count: 0.11025557382158005
  successfull_pass_count: 0.1034393792834688
  on_target: 0.09873220246269718
  pass_count: 0.08328591666662818
  ball_recovery_count: 0.06843514520228851
  foul_committed_count: 0.039147028178809544
  successful_tackles: -0.023408921374314988
  fouls_suffered_count: -0.023130072702629546
  shot_count: 0.021258622092211365
  long_carries: -0.009911858660152654
  pressure_count: 0.003421564831565522

Főkomponens 4 (PC4):
  assists: 0.43069582275236407
  successful_tackles: 0.3863612834146699
  clearance_count: -0.36885327848451077
  dribble_count: -0.3458848641599654
  key_passes: -0.2672110163377774
  successfull_dribbles: -0.26061627760848083
  won_duels: 0.22351579398408164
  tackle_count: 0.17901545080633735
  long_carries: -0.17413076061689134
  dispossessed_count: -0.15013546958300142
  xA: -0.14293814876485375
  xG: 0.13389920691186988
  pass_count: -0.12573512918614552
  shot_count: -0.12303932164676176
  pressure_count: 0.11832155110956497
  successfull_pass_count: -0.1151973551366716
  duel_count: 0.10367871327577236
  goal_count: 0.1004107045258167
  foul_committed_count: -0.07967797735656189
  ball_recovery_count: -0.06613004733831217
  block_count: 0.06532673357880546
  fouls_suffered_count: -0.03518480035662034
  penalites_won: -0.026917356941291912
  interception_count: 0.025299596093201863
  on_target: 0.01855124253604564

