Troyes - PCA eredmények

Magyarázott variancia arányok:
[0.67024358 0.1580634  0.04866889 0.03783132]
Összegzett variancia arány: 0.9148071870231332

Főkomponens 1 (PC1):
  key_passes: 0.2739641005094593
  dispossessed_count: 0.266957517209028
  shot_count: 0.2658020151948981
  on_target: 0.25868899030747844
  pressure_count: 0.2533002961189106
  long_carries: 0.25061136650491633
  dribble_count: 0.22886088449811076
  successfull_dribbles: 0.21899081919254737
  xA: 0.21450524454652334
  successful_tackles: 0.19860465364700497
  ball_recovery_count: 0.1921129344178914
  won_duels: 0.1884766818411724
  block_count: 0.18658213927842884
  tackle_count: 0.18013079759981188
  duel_count: 0.17385532126762857
  xG: 0.1736325992699631
  fouls_suffered_count: 0.17271844664972197
  successfull_pass_count: 0.17112741516584
  pass_count: 0.16644086184628348
  interception_count: 0.16554496680900832
  foul_committed_count: 0.15672610678126686
  penalites_won: 0.1566939137522622
  goal_count: 0.1484085530135986
  assists: 0.11312884177824212
  clearance_count: 0.0715606899340833

Főkomponens 2 (PC2):
  clearance_count: 0.5781802570873454
  interception_count: 0.33479043975165745
  on_target: -0.24168080075676807
  block_count: 0.2362633893009365
  tackle_count: 0.23545201486292391
  won_duels: 0.23411912155281506
  key_passes: -0.21155503469530937
  xA: -0.19178862256725085
  dispossessed_count: -0.18158995631912417
  shot_count: -0.1713911326509898
  xG: -0.16428937872597368
  successfull_pass_count: 0.14636898273506602
  successful_tackles: 0.1425047700872944
  dribble_count: -0.14159574992357818
  goal_count: -0.13638139569172747
  ball_recovery_count: 0.13240765176185135
  assists: -0.12328433395847944
  pass_count: 0.11896642073988119
  duel_count: 0.09193794878045504
  long_carries: 0.08729152728670066
  fouls_suffered_count: -0.08354972227453741
  successfull_dribbles: -0.05693067351230092
  pressure_count: 0.05179518808048503
  foul_committed_count: 0.033901002007502554
  penalites_won: -0.02955792483052318

Főkomponens 3 (PC3):
  assists: 0.5039895904646032
  successfull_dribbles: -0.34117899908642957
  penalites_won: 0.3088567015609228
  fouls_suffered_count: 0.2846623412858626
  dribble_count: -0.27316948789177864
  long_carries: -0.2690718197021917
  dispossessed_count: 0.21763724324743688
  on_target: -0.21235212159118028
  shot_count: -0.20602151787252043
  xA: 0.16867173679130026
  foul_committed_count: 0.1676614944339141
  goal_count: -0.14888874009556352
  clearance_count: 0.14616638748477703
  key_passes: 0.12396340487562217
  duel_count: 0.11900893525790172
  interception_count: -0.11213524977587475
  ball_recovery_count: -0.08008523747445626
  xG: 0.07345023965385175
  successful_tackles: -0.07169976602409657
  successfull_pass_count: 0.06471889455020229
  tackle_count: -0.046930297135272164
  pass_count: 0.04387000682427324
  block_count: 0.04350936063658335
  pressure_count: 0.03779564655854372
  won_duels: 0.021374097519055755

Főkomponens 4 (PC4):
  goal_count: 0.3513304818161352
  penalites_won: 0.3426003575300435
  assists: -0.3152037033926882
  on_target: 0.2895485422049811
  successfull_dribbles: -0.2797338380560952
  dispossessed_count: -0.25546458651948095
  shot_count: 0.22656885198291554
  xG: 0.2233264745486988
  dribble_count: -0.2188490650779955
  long_carries: -0.21512013134232205
  ball_recovery_count: -0.20628881032675878
  successfull_pass_count: -0.19585017001439656
  pass_count: -0.1873050338415791
  duel_count: 0.1870432346361468
  clearance_count: 0.15054942046655964
  successful_tackles: 0.121772578722524
  foul_committed_count: 0.11769526375305715
  pressure_count: 0.10108283715607205
  key_passes: -0.09982278898328706
  won_duels: 0.09100648326417987
  interception_count: -0.060372256273704454
  fouls_suffered_count: -0.0359278260142076
  tackle_count: 0.03250881771521
  block_count: 0.0177764512080052
  xA: -0.002776698903315624

