Augsburg - PCA eredmények

Magyarázott variancia arányok:
[0.58065384 0.20270567 0.07371399 0.04075218]
Összegzett variancia arány: 0.897825687410288

Főkomponens 1 (PC1):
  on_target: 0.29637687822103287
  shot_count: 0.26556715347501486
  key_passes: 0.25054326808559296
  goal_count: 0.24814994242226532
  fouls_suffered_count: 0.23725714755457505
  successfull_dribbles: 0.23538627666184467
  xA: 0.22973354307881272
  foul_committed_count: 0.22934761664823688
  penalites_won: 0.22337691443311886
  dribble_count: 0.2207597211228989
  dispossessed_count: 0.21963223210594288
  xG: 0.2152259248336633
  assists: 0.20294425542012354
  pressure_count: 0.19670234353604824
  duel_count: 0.18963367730279226
  block_count: 0.17939707555013135
  successful_tackles: 0.14947831771975115
  won_duels: 0.14847598607386023
  ball_recovery_count: 0.1446045187610709
  tackle_count: 0.14086575675639743
  interception_count: 0.13759311732400867
  long_carries: 0.13059949832294557
  pass_count: 0.11468303010369844
  successfull_pass_count: 0.11186511906216552
  clearance_count: 0.1104417208677269

Főkomponens 2 (PC2):
  clearance_count: 0.5136444563613956
  on_target: -0.26103643463724924
  successfull_pass_count: 0.25111727019672725
  penalites_won: 0.2477962868722203
  goal_count: -0.24076090539675515
  interception_count: 0.23406486479872993
  pass_count: 0.2328992538116129
  xG: -0.2253187085697338
  block_count: 0.19613126040431567
  shot_count: -0.19527164404557648
  won_duels: 0.1915695344532457
  successfull_dribbles: -0.1887673320749017
  tackle_count: 0.18569219733776385
  dribble_count: -0.17577808275880305
  dispossessed_count: -0.15985487911454102
  long_carries: 0.14893526929227535
  successful_tackles: 0.11909863321107642
  ball_recovery_count: 0.10092322790704349
  foul_committed_count: 0.09602653296497445
  xA: -0.08960524784494926
  pressure_count: 0.08648665855430324
  duel_count: 0.08580035475539531
  assists: -0.06172173196715236
  key_passes: -0.053006627943034054
  fouls_suffered_count: 0.02602526209038064

Főkomponens 3 (PC3):
  goal_count: 0.5703455739478603
  clearance_count: 0.4273807458992888
  xG: 0.38886306846367263
  xA: -0.2701559202860219
  key_passes: -0.21324871814186744
  on_target: 0.21116418437076498
  penalites_won: -0.204918030989493
  fouls_suffered_count: -0.16724957515597738
  foul_committed_count: -0.1399997211096851
  dribble_count: -0.1318987781842517
  successfull_pass_count: 0.11772370887481752
  successfull_dribbles: -0.10337778009292983
  assists: -0.09952214471920137
  block_count: 0.0956218393153728
  pass_count: 0.08011904821013743
  pressure_count: -0.07602100401431265
  dispossessed_count: -0.07197416544364782
  tackle_count: -0.050775474298821205
  won_duels: -0.0497663138374187
  ball_recovery_count: -0.04205734651363555
  interception_count: -0.03775281565652681
  shot_count: -0.03378197978711404
  successful_tackles: -0.021010507354781528
  long_carries: 0.004479527197482212
  duel_count: 0.0015274616704875387

Főkomponens 4 (PC4):
  key_passes: 0.44808758639106994
  foul_committed_count: -0.3801548430432287
  xA: 0.31400870731005004
  pass_count: 0.2711631551875276
  successfull_pass_count: 0.2543009195295663
  ball_recovery_count: 0.24974054717580219
  goal_count: 0.1841691426085835
  long_carries: 0.1834086342435743
  won_duels: -0.18067972358569354
  pressure_count: -0.17148591798629706
  successful_tackles: -0.1670489404964481
  dribble_count: -0.1641513946489228
  shot_count: -0.16017729536589673
  dispossessed_count: -0.14982601189084527
  penalites_won: 0.14249716254946526
  block_count: -0.1419144451069046
  clearance_count: -0.13073404739094432
  duel_count: -0.1281775410652083
  tackle_count: -0.12360827670995841
  successfull_dribbles: -0.12174427514729307
  assists: 0.10314768482768094
  on_target: -0.060751674514823266
  xG: 0.04511487587195072
  interception_count: 0.04439261858653036
  fouls_suffered_count: -0.023694068788481765

