Bayer Leverkusen - PCA eredmények

Magyarázott variancia arányok:
[0.63063179 0.16252568 0.09779314 0.03983501]
Összegzett variancia arány: 0.930785617411498

Főkomponens 1 (PC1):
  assists: 0.36855563625596693
  xA: 0.3349299396237005
  on_target: 0.30949164427409803
  goal_count: 0.30124118474595724
  xG: 0.2712344370592204
  dispossessed_count: 0.26297881150803315
  shot_count: 0.2552394526369757
  dribble_count: 0.2549270887433419
  key_passes: 0.24945604093400173
  successfull_dribbles: 0.23720827257132907
  fouls_suffered_count: 0.18381008907195487
  foul_committed_count: 0.14111528427123018
  pressure_count: 0.13944334736754532
  long_carries: 0.12613092570534287
  penalites_won: 0.12391986080562924
  duel_count: 0.11151756456528518
  successful_tackles: 0.10976907909970499
  ball_recovery_count: 0.10276065831069907
  block_count: 0.10196286473608168
  won_duels: 0.08813901670108681
  pass_count: 0.07569228024851982
  tackle_count: 0.07130235841618447
  successfull_pass_count: 0.06925017838359329
  interception_count: 0.0283925106701663
  clearance_count: -0.008116669560036196

Főkomponens 2 (PC2):
  goal_count: 0.5047176997700666
  xG: 0.2925954153504076
  interception_count: -0.2677886465064964
  clearance_count: -0.267225908338681
  tackle_count: -0.2506510681965081
  won_duels: -0.23414962408536427
  block_count: -0.23193540845907948
  ball_recovery_count: -0.23170455501060153
  successful_tackles: -0.2051518514528282
  on_target: 0.19873555387081215
  successfull_pass_count: -0.18889514584379025
  long_carries: -0.18549111909985866
  pass_count: -0.18069732476074285
  foul_committed_count: -0.17721559463503106
  pressure_count: -0.1608289558661191
  duel_count: -0.11878736902546241
  dispossessed_count: -0.10439957907146577
  successfull_dribbles: -0.08364405962471529
  dribble_count: -0.07758841226876928
  shot_count: 0.0775203079228464
  penalites_won: -0.06504522777405225
  fouls_suffered_count: -0.03511562142679246
  key_passes: -0.014450290528994532
  assists: -0.009358114086401413
  xA: 0.0021051496702027394

Főkomponens 3 (PC3):
  assists: 0.4493661291999062
  penalites_won: -0.40361380741593395
  goal_count: -0.36157754956353627
  xG: -0.31546113026386047
  xA: 0.25062901623452866
  clearance_count: -0.2472721158332504
  duel_count: -0.2149951992523284
  interception_count: -0.20430764695645276
  fouls_suffered_count: -0.19341265557825119
  successfull_dribbles: 0.18196805652568115
  key_passes: 0.16954743654905222
  dribble_count: 0.1310199413545943
  tackle_count: -0.1151951704823525
  successfull_pass_count: -0.10645230149279596
  won_duels: -0.09875854501901135
  pass_count: -0.0953969060227873
  ball_recovery_count: -0.0869319169217386
  block_count: -0.0824022424039921
  foul_committed_count: -0.08048617030700493
  dispossessed_count: 0.07970890184991845
  on_target: -0.058284040647566
  pressure_count: -0.04761845158513686
  successful_tackles: 0.014465686726244403
  long_carries: 0.005528234742968443
  shot_count: 0.0040697556997973785

Főkomponens 4 (PC4):
  key_passes: 0.5047783479773632
  penalites_won: -0.3133456483760979
  assists: -0.30926089738645496
  on_target: 0.27743652669015184
  dispossessed_count: -0.26859566896686266
  shot_count: 0.24342715046799773
  fouls_suffered_count: -0.23030042357226338
  xA: 0.22585403268655269
  dribble_count: -0.222966716277533
  pass_count: 0.18480185342753963
  clearance_count: 0.18366465896364656
  successfull_pass_count: 0.17827883291577135
  successfull_dribbles: -0.15019872310279997
  foul_committed_count: -0.14142564023181853
  block_count: 0.11528604617198605
  ball_recovery_count: 0.10892570117129335
  successful_tackles: -0.09847133215488872
  long_carries: 0.06545318638704954
  interception_count: 0.06347522959429217
  duel_count: -0.04920544915023076
  pressure_count: -0.027152559528455158
  xG: -0.022361645640845612
  goal_count: -0.012309634174254564
  won_duels: 0.004815358358674611
  tackle_count: 0.0031227911436421426

