Bayern Munich - PCA eredmények

Magyarázott variancia arányok:
[0.67809153 0.1707687  0.08018575 0.02699628]
Összegzett variancia arány: 0.9560422680705648

Főkomponens 1 (PC1):
  goal_count: 0.585361740314569
  xG: 0.4945787569583439
  on_target: 0.43865328651298063
  shot_count: 0.30446874643104804
  xA: 0.15819947085452965
  dispossessed_count: 0.153181081164896
  key_passes: 0.12081957328265737
  successfull_dribbles: 0.11505585759416948
  dribble_count: 0.11380816480562352
  assists: 0.11029904236432889
  fouls_suffered_count: 0.08950927594149252
  penalites_won: 0.06465609612759535
  duel_count: 0.05905883464777413
  pressure_count: 0.05798731196951846
  foul_committed_count: 0.056843230610587166
  long_carries: 0.039848985784985864
  block_count: 0.030027685941204807
  ball_recovery_count: 0.02913993495006799
  successful_tackles: 0.015235254870249597
  tackle_count: 0.013259265456011098
  won_duels: 0.009240906656524805
  pass_count: 0.006617465398454333
  clearance_count: -0.0048991018156790975
  successfull_pass_count: -0.002104852188329602
  interception_count: -0.0015569546054156336

Főkomponens 2 (PC2):
  assists: 0.4270672586203877
  xA: 0.3994907006335518
  key_passes: 0.3305557292134119
  goal_count: -0.2708187575850549
  long_carries: 0.2468317072012812
  successfull_dribbles: 0.24154583547390662
  successfull_pass_count: 0.23136661290520885
  dribble_count: 0.22381691141822554
  xG: -0.21638604226924027
  pass_count: 0.20484933912427752
  won_duels: 0.15632174689808442
  successful_tackles: 0.14431575452241405
  tackle_count: 0.13667228100661472
  fouls_suffered_count: 0.13620821597996438
  foul_committed_count: 0.12201542710854187
  block_count: 0.11627741382199193
  pressure_count: 0.10931679134014025
  dispossessed_count: 0.10546020491500362
  ball_recovery_count: 0.09576113133937429
  duel_count: 0.08220418277127171
  interception_count: 0.077261921745584
  penalites_won: 0.0687511070002868
  on_target: -0.03886066491353543
  clearance_count: 0.03506618363393384
  shot_count: 0.019761364341463254

Főkomponens 3 (PC3):
  successfull_pass_count: 0.42881622954430015
  pass_count: 0.3433807838976407
  assists: -0.33480928563382756
  dribble_count: -0.3333306557768113
  successfull_dribbles: -0.331100874040196
  penalites_won: 0.23285822466957504
  successful_tackles: 0.20686012139745036
  won_duels: 0.20578066022257027
  tackle_count: 0.1819788048981188
  clearance_count: 0.17640018572052749
  duel_count: 0.16307772424719366
  dispossessed_count: -0.15514104236976173
  foul_committed_count: 0.13774778265528853
  ball_recovery_count: 0.13539905612020098
  xA: -0.1193780189468632
  interception_count: 0.1183825881885119
  block_count: 0.10916840910223718
  xG: 0.0862630812438612
  goal_count: 0.07747853173337306
  key_passes: 0.07716920980946368
  pressure_count: 0.07612659055371643
  fouls_suffered_count: 0.07149466446514645
  long_carries: 0.053112629519361444
  on_target: -0.015876098256540242
  shot_count: 0.015685761785122744

Főkomponens 4 (PC4):
  long_carries: 0.5725264355510945
  won_duels: -0.2930411433913239
  successful_tackles: -0.2871690522198165
  successfull_pass_count: 0.26895543583238773
  foul_committed_count: -0.2594959425498187
  pass_count: 0.22792418947824195
  tackle_count: -0.22317363905815607
  xA: -0.21084728469896766
  ball_recovery_count: 0.2068213158179158
  dribble_count: 0.19630175350292492
  successfull_dribbles: 0.19094105843881842
  assists: -0.19042467958155043
  key_passes: -0.15129315667369028
  duel_count: -0.11581025016421088
  clearance_count: 0.10161332276027743
  shot_count: 0.06844296805491659
  pressure_count: -0.06755471956401882
  interception_count: 0.05403177177656984
  fouls_suffered_count: 0.04337011180895906
  dispossessed_count: 0.041311909235107976
  on_target: 0.02859186559741234
  xG: -0.02647375595955175
  goal_count: 0.00734450999044574
  penalites_won: -0.0014861679404652374
  block_count: -0.0007790024310651393

