Borussia Dortmund - PCA eredmények

Magyarázott variancia arányok:
[0.68095808 0.18983906 0.07522845 0.01863308]
Összegzett variancia arány: 0.9646586599401175

Főkomponens 1 (PC1):
  xG: 0.48471414356622244
  goal_count: 0.4714099335863304
  xA: 0.3757947968071186
  on_target: 0.31946815224777136
  assists: 0.31164451626154177
  shot_count: 0.24853471035591976
  key_passes: 0.18956237857241792
  dribble_count: 0.150743087494187
  successfull_dribbles: 0.14261602504329357
  dispossessed_count: 0.12488091629227936
  pressure_count: 0.09534428915999678
  fouls_suffered_count: 0.08594809039187366
  foul_committed_count: 0.07537767351815294
  long_carries: 0.07381409348052553
  block_count: 0.06114819933781307
  duel_count: 0.051649787496470104
  successful_tackles: 0.050809048147908785
  ball_recovery_count: 0.04833589813491436
  pass_count: 0.04050515385089658
  won_duels: 0.04022140948485848
  penalites_won: 0.03383781794665232
  successfull_pass_count: 0.03363567025872297
  tackle_count: 0.030115915397748924
  interception_count: 0.02226717911958318
  clearance_count: -0.013757374479862108

Főkomponens 2 (PC2):
  xG: 0.385179264984759
  goal_count: 0.33066219901113364
  assists: -0.30589954481796383
  successfull_pass_count: -0.27770009144174607
  pass_count: -0.2474658008543005
  xA: -0.21613191378531546
  successfull_dribbles: -0.20548357566481926
  fouls_suffered_count: -0.20269880171766846
  long_carries: -0.19902914203723546
  dribble_count: -0.19088597544420127
  key_passes: -0.17841634434093726
  successful_tackles: -0.1752381231400792
  won_duels: -0.17419135277420603
  tackle_count: -0.16773708697435402
  penalites_won: -0.16222737353180403
  ball_recovery_count: -0.15857462162156982
  interception_count: -0.15794271454977177
  block_count: -0.1453954395242467
  clearance_count: -0.1416395004905928
  on_target: 0.13686017248469345
  foul_committed_count: -0.11523333725397047
  duel_count: -0.11017978134138132
  pressure_count: -0.10644115154197244
  dispossessed_count: -0.08534773032280676
  shot_count: 0.053867013613752526

Főkomponens 3 (PC3):
  assists: 0.4562282379439053
  successfull_pass_count: -0.35711291291813385
  clearance_count: -0.31832015932319
  xA: 0.30845423516020815
  pass_count: -0.2950139754510736
  xG: -0.2576899250987325
  long_carries: -0.19770710590607005
  key_passes: 0.17736106806163868
  penalites_won: -0.1595529768414853
  ball_recovery_count: -0.1537017691855055
  interception_count: -0.14934168008917575
  tackle_count: -0.1461688126073665
  dribble_count: 0.1445868226886397
  goal_count: -0.14399448212588148
  duel_count: -0.13434802049323613
  won_duels: -0.13229963877200399
  successful_tackles: -0.12436840203047159
  successfull_dribbles: 0.11119163209807975
  on_target: -0.10156176198049234
  foul_committed_count: -0.09356352084733639
  dispossessed_count: 0.07939104177089668
  pressure_count: -0.07731066582080474
  block_count: -0.07457168828930563
  fouls_suffered_count: -0.07279125794698672
  shot_count: -0.062375142084359965

Főkomponens 4 (PC4):
  assists: 0.6238747624227281
  successfull_dribbles: -0.39231332541895425
  clearance_count: 0.3400656360294297
  dribble_count: -0.31905263436077036
  fouls_suffered_count: -0.23465224886008632
  shot_count: -0.19204510093832558
  goal_count: 0.18029218584962478
  duel_count: 0.15967470170899686
  xA: -0.1558696509048038
  tackle_count: 0.13793099953327295
  won_duels: 0.10907054697663982
  ball_recovery_count: -0.10047318893263184
  key_passes: -0.06455819635011
  penalites_won: -0.0624150124816872
  foul_committed_count: -0.058513552925467775
  dispossessed_count: -0.0583457442099398
  on_target: -0.05549162134210614
  successful_tackles: -0.04826089581079295
  pass_count: 0.035723704371574884
  pressure_count: -0.03218483543633994
  xG: -0.022733003651233787
  long_carries: 0.021397560515786555
  successfull_pass_count: 0.017552108541473016
  block_count: 0.012818603291533339
  interception_count: -0.010793705153912083

