Borussia Mönchengladbach - PCA eredmények

Magyarázott variancia arányok:
[0.70703821 0.15228323 0.04097396 0.03144059]
Összegzett variancia arány: 0.9317359932531615

Főkomponens 1 (PC1):
  assists: 0.39097586601575995
  goal_count: 0.31773744374183804
  on_target: 0.3032963084215266
  xA: 0.2815906619550268
  key_passes: 0.2716601565625597
  xG: 0.2642531147932396
  shot_count: 0.2323688080401811
  successfull_dribbles: 0.21200231461767063
  dispossessed_count: 0.20118074412579307
  fouls_suffered_count: 0.19486157750153335
  dribble_count: 0.19292016809211
  pressure_count: 0.17616697612843285
  foul_committed_count: 0.15859349875710346
  penalites_won: 0.15273456106636976
  block_count: 0.12861995478166735
  successfull_pass_count: 0.12593847744759692
  successful_tackles: 0.12335714906085928
  won_duels: 0.1221122180529083
  ball_recovery_count: 0.12141577923046104
  pass_count: 0.11944694899391006
  long_carries: 0.11909702281927706
  duel_count: 0.11748615207403908
  tackle_count: 0.11327075839795898
  interception_count: 0.06346904275693087
  clearance_count: 0.027661525404169645

Főkomponens 2 (PC2):
  clearance_count: 0.4551238462776325
  successfull_pass_count: 0.34332074571046056
  pass_count: 0.30415507410712994
  interception_count: 0.27860237360281664
  block_count: 0.27015833346038703
  successful_tackles: 0.23947931134632439
  assists: -0.23432777337575783
  tackle_count: 0.20420863807424788
  won_duels: 0.19014256429059023
  ball_recovery_count: 0.18911392334578017
  long_carries: 0.18197611775397568
  duel_count: 0.16817862958901136
  goal_count: -0.1371730667714907
  xG: -0.13519390973061585
  foul_committed_count: 0.1349236171234864
  xA: -0.12974614773547144
  on_target: -0.12940668750329418
  key_passes: -0.12469674681838372
  penalites_won: 0.10001284427252681
  dribble_count: -0.08413251375337671
  dispossessed_count: -0.08109155439079518
  pressure_count: 0.07766220575741373
  successfull_dribbles: -0.0705133554480471
  shot_count: -0.06329294202040402
  fouls_suffered_count: 0.03880070275355395

Főkomponens 3 (PC3):
  assists: 0.581647316364239
  successfull_dribbles: -0.5367607520342963
  dribble_count: -0.4343671213629281
  goal_count: 0.21909042748286578
  clearance_count: 0.19206259507655396
  tackle_count: -0.12249811969501168
  long_carries: -0.11720588875096408
  key_passes: -0.10877373650973293
  won_duels: -0.09752926083575748
  penalites_won: 0.09045793958778488
  successful_tackles: -0.08964217816402298
  shot_count: -0.08111159937442233
  interception_count: 0.07981707216642456
  dispossessed_count: -0.07125986837613638
  fouls_suffered_count: -0.06579851895396234
  block_count: 0.051041557482717784
  xA: -0.042711813175359464
  successfull_pass_count: 0.04200513539094646
  foul_committed_count: -0.041612536237057664
  xG: 0.03858293568319848
  ball_recovery_count: 0.03214699064777301
  pass_count: 0.021384965353518477
  on_target: -0.02025100326204808
  pressure_count: -0.005783272685031777
  duel_count: 9.316094414293868e-05

Főkomponens 4 (PC4):
  goal_count: 0.6173359009857626
  assists: -0.5326185259721036
  xG: 0.2805765426064606
  penalites_won: 0.24639617137427725
  xA: -0.20450580071848037
  on_target: 0.20074028624491244
  key_passes: -0.15616358704026143
  successfull_dribbles: -0.14174500484636585
  shot_count: 0.10549717480261145
  duel_count: 0.08969873747960162
  successful_tackles: -0.08721521322489473
  tackle_count: -0.08546217781162556
  won_duels: -0.08427166904304073
  dribble_count: -0.06499318244894695
  clearance_count: 0.06322219432043756
  fouls_suffered_count: 0.05624418921223189
  interception_count: -0.055568733794925586
  ball_recovery_count: -0.055462209761102346
  dispossessed_count: -0.051701943551213506
  pressure_count: -0.05158200031571072
  successfull_pass_count: -0.0409978940179237
  long_carries: 0.039236806739182166
  pass_count: -0.03581167032711294
  block_count: -0.02057471544112402
  foul_committed_count: 0.013625835109282907

