Darmstadt 98 - PCA eredmények

Magyarázott variancia arányok:
[0.61956793 0.19202873 0.09805112 0.03403439]
Összegzett variancia arány: 0.9436821722306447

Főkomponens 1 (PC1):
  penalites_won: 0.4552190803497053
  goal_count: 0.3272509251391478
  xG: 0.27272205995691146
  duel_count: 0.26501563853045434
  fouls_suffered_count: 0.2590859553415917
  foul_committed_count: 0.2482045386132625
  on_target: 0.22956411586233152
  shot_count: 0.20822153400864618
  clearance_count: 0.19839828301687062
  block_count: 0.1944315428726515
  pressure_count: 0.1943811683962096
  tackle_count: 0.16694025116678718
  dispossessed_count: 0.15738938045038367
  assists: 0.15427752891223073
  won_duels: 0.1496320672635877
  successful_tackles: 0.13712967894165656
  xA: 0.12957069890807
  ball_recovery_count: 0.125660230698772
  interception_count: 0.1186884870849034
  key_passes: 0.10428182168164975
  dribble_count: 0.08538209449973196
  successfull_dribbles: 0.08118377938175778
  pass_count: 0.07351631318818319
  long_carries: 0.06267907261169835
  successfull_pass_count: 0.05425946893365445

Főkomponens 2 (PC2):
  clearance_count: 0.4970221982579555
  penalites_won: 0.39563797176066473
  assists: -0.3594130974890253
  dispossessed_count: -0.23700613643690155
  xG: -0.22333414683445207
  xA: -0.22222437717431176
  goal_count: -0.21600374667051522
  on_target: -0.20249970673396717
  interception_count: 0.19016196044393138
  shot_count: -0.18318649384084096
  key_passes: -0.17416766671921569
  block_count: 0.15962201783281008
  dribble_count: -0.15866742199743078
  tackle_count: 0.1307559385653919
  won_duels: 0.12889125138471894
  successfull_dribbles: -0.12747027490955995
  duel_count: -0.08250866057666566
  long_carries: -0.07806787655667503
  successful_tackles: 0.06817154342078408
  fouls_suffered_count: 0.06165230270954204
  pressure_count: 0.029046574526515465
  ball_recovery_count: -0.02249092332885348
  successfull_pass_count: 0.022443401775544724
  pass_count: 0.01266355388168408
  foul_committed_count: 0.011554525830351332

Főkomponens 3 (PC3):
  goal_count: 0.4119523675221316
  xG: 0.3766969325843873
  assists: -0.3516548651701325
  pressure_count: -0.25065400468393284
  interception_count: -0.23678184177413983
  tackle_count: -0.23646208760624413
  successful_tackles: -0.23368742167318843
  xA: -0.21188027287225952
  won_duels: -0.20073447254526255
  ball_recovery_count: -0.19113120014106944
  key_passes: -0.17334108621195277
  penalites_won: 0.1692496510887434
  successfull_dribbles: -0.16502107512110692
  dribble_count: -0.16025000962060224
  dispossessed_count: -0.14480126681909317
  block_count: -0.14187449057109422
  on_target: 0.13222616671667667
  long_carries: -0.1300564401520731
  shot_count: 0.1232368653959193
  duel_count: 0.0534036975813687
  pass_count: -0.05109654904380231
  foul_committed_count: 0.04797983370644998
  successfull_pass_count: -0.04735608036947431
  fouls_suffered_count: -0.027644532910319992
  clearance_count: 0.023233092513866658

Főkomponens 4 (PC4):
  clearance_count: 0.5429583861545794
  foul_committed_count: -0.3732543379037141
  xA: 0.370223286751313
  assists: 0.2836831283610373
  pressure_count: -0.280069170358459
  key_passes: 0.2612485803565392
  duel_count: -0.2338421439874163
  goal_count: 0.18842849841458895
  tackle_count: -0.15926478816015588
  on_target: 0.12403278352489636
  won_duels: -0.11399797189265119
  ball_recovery_count: -0.11013379595882253
  xG: -0.10291050015879051
  fouls_suffered_count: -0.09359291117974851
  dispossessed_count: -0.09337447919429137
  successfull_dribbles: -0.0758515222716526
  shot_count: 0.06031441064244676
  interception_count: 0.05561578862055977
  pass_count: -0.03866623657063803
  block_count: -0.036866527026198345
  successfull_pass_count: -0.031812045124552324
  penalites_won: 0.031030873267828583
  long_carries: 0.013196764239853092
  dribble_count: 0.005271934663267987
  successful_tackles: 0.0003240195816906998

