Eintracht Frankfurt - PCA eredmények

Magyarázott variancia arányok:
[0.5516457  0.20537859 0.08948525 0.04841778]
Összegzett variancia arány: 0.8949273301210248

Főkomponens 1 (PC1):
  penalites_won: 0.2930579702637759
  foul_committed_count: 0.234187372325999
  fouls_suffered_count: 0.22755045351409814
  pressure_count: 0.22525467029078147
  won_duels: 0.22515796804734414
  dispossessed_count: 0.22437823958876496
  on_target: 0.22418999991708857
  duel_count: 0.22266773638040588
  successful_tackles: 0.2191206674303375
  block_count: 0.21388381015428778
  shot_count: 0.19933472380325903
  tackle_count: 0.19893817074290132
  xG: 0.18742225432350343
  key_passes: 0.1867739311940732
  successfull_dribbles: 0.18660954054992576
  clearance_count: 0.18267133589237386
  dribble_count: 0.17013296787526114
  assists: 0.1691816005861623
  ball_recovery_count: 0.16811549177992502
  pass_count: 0.16584428816649505
  xA: 0.16431735649496457
  successfull_pass_count: 0.163587463316513
  interception_count: 0.16310171672884008
  goal_count: 0.16017696525628977
  long_carries: 0.1588759101651653

Főkomponens 2 (PC2):
  goal_count: 0.47720943497463164
  xG: 0.39198936486710534
  on_target: 0.37100477699136036
  shot_count: 0.2835470216421106
  clearance_count: -0.2757022929481732
  assists: 0.20879520591866033
  interception_count: -0.20456024660603692
  won_duels: -0.19179987058398343
  successful_tackles: -0.16627572390941933
  tackle_count: -0.1496846831675503
  ball_recovery_count: -0.1468793674053845
  penalites_won: -0.14320957308576363
  successfull_pass_count: -0.14005433302011008
  block_count: -0.13754455164840293
  xA: 0.1262926226715651
  pass_count: -0.12400733545788756
  long_carries: -0.11620373435473835
  dispossessed_count: 0.09855989004804748
  fouls_suffered_count: -0.0938336770080366
  key_passes: 0.07752281378671119
  successfull_dribbles: -0.04127354938906327
  dribble_count: -0.016969880950974563
  duel_count: 0.015317524270632994
  foul_committed_count: -0.008337489889457811
  pressure_count: -0.0028657526404619886

Főkomponens 3 (PC3):
  clearance_count: 0.5191322272822368
  penalites_won: 0.453452857944087
  goal_count: 0.34646304913283416
  dispossessed_count: -0.2746559537915099
  successfull_dribbles: -0.2696737729778818
  xA: -0.232438359981953
  key_passes: -0.23187911909879408
  dribble_count: -0.23104561816013588
  xG: 0.15991774344836637
  pressure_count: -0.13385743041032747
  interception_count: 0.10444470025343652
  won_duels: -0.09823475217222445
  tackle_count: -0.08638123653053852
  successful_tackles: -0.08536521516817823
  assists: -0.07140769534265895
  on_target: 0.06202191241803623
  long_carries: -0.056318179659281487
  foul_committed_count: -0.03366252841107434
  fouls_suffered_count: 0.029917726500326192
  ball_recovery_count: -0.02631408382879943
  block_count: -0.02599043364125295
  successfull_pass_count: 0.025810543870879978
  duel_count: 0.0221103654999058
  shot_count: -0.004783766985181797
  pass_count: 0.004164538671500035

Főkomponens 4 (PC4):
  penalites_won: 0.45471254731002286
  assists: 0.44284619062580705
  goal_count: -0.44233803665737687
  successfull_dribbles: -0.24519396822453823
  fouls_suffered_count: 0.23878190129596744
  interception_count: -0.1914425890780872
  ball_recovery_count: -0.18704631338429734
  foul_committed_count: 0.1860646006121724
  pass_count: -0.18299114816463294
  successfull_pass_count: -0.17399715047953598
  long_carries: -0.1448651366308295
  dribble_count: -0.12555355777179347
  clearance_count: -0.12095299111473005
  on_target: -0.11919817054548398
  xA: 0.10523655501866372
  block_count: -0.09820761571892891
  won_duels: -0.0928742744397193
  duel_count: 0.09071038034607913
  dispossessed_count: 0.0745627765287174
  tackle_count: -0.05146174519016263
  pressure_count: 0.03599631876081221
  key_passes: 0.02549887960274237
  xG: 0.021651996276250685
  shot_count: 0.020898032379021655
  successful_tackles: 0.009287188264088402

