FC Köln - PCA eredmények

Magyarázott variancia arányok:
[0.54180731 0.25818121 0.1034423  0.03991501]
Összegzett variancia arány: 0.9433458269654532

Főkomponens 1 (PC1):
  xG: 0.3077431205407657
  xA: 0.29853446864886046
  on_target: 0.2951174759708786
  goal_count: 0.28012380551651206
  penalites_won: 0.2713393463275009
  assists: 0.25848171638032563
  shot_count: 0.25724315848799617
  key_passes: 0.23591493127848265
  fouls_suffered_count: 0.22193382939828432
  pressure_count: 0.18066067466506475
  dribble_count: 0.17764842274166384
  successful_tackles: 0.17639775008536876
  duel_count: 0.1719510157853323
  successfull_dribbles: 0.16621129990982753
  foul_committed_count: 0.1609314624526011
  dispossessed_count: 0.1565724887941776
  tackle_count: 0.15312370288155064
  won_duels: 0.15245665517084264
  long_carries: 0.13822940914534665
  block_count: 0.13044547343603935
  interception_count: 0.12359002893568767
  pass_count: 0.10846293768203868
  ball_recovery_count: 0.1080394401746601
  successfull_pass_count: 0.09846657413442453
  clearance_count: 0.07031709186706522

Főkomponens 2 (PC2):
  xG: 0.4459334557496397
  goal_count: 0.3970062502002079
  on_target: 0.30353182659441225
  shot_count: 0.23182633093481958
  tackle_count: -0.22045017818528403
  successful_tackles: -0.2193066287756526
  interception_count: -0.21563235540774778
  won_duels: -0.208586306941636
  clearance_count: -0.20337415024554076
  long_carries: -0.19365783813401147
  key_passes: -0.19035929029894091
  block_count: -0.17883004213536544
  successfull_pass_count: -0.17212255753041325
  pass_count: -0.16438618214437403
  ball_recovery_count: -0.1435069263891487
  assists: -0.13892263326771448
  successfull_dribbles: -0.13336413056320806
  xA: -0.12179117886004905
  pressure_count: -0.12085474781527682
  penalites_won: 0.10451403714737566
  dribble_count: -0.07791928488114849
  foul_committed_count: -0.0345475691372328
  duel_count: -0.03104541297179503
  fouls_suffered_count: 0.029962656901135032
  dispossessed_count: -0.0075163423833474454

Főkomponens 3 (PC3):
  clearance_count: 0.582204873917213
  xA: -0.41166700993660843
  penalites_won: 0.3433147987631947
  key_passes: -0.2997221332702175
  block_count: 0.19572557784318345
  successfull_pass_count: 0.18951149245652227
  successfull_dribbles: -0.1813400723240183
  assists: -0.17889738864428303
  dribble_count: -0.17874322657528272
  pass_count: 0.14157297525988968
  duel_count: 0.13272766090322297
  foul_committed_count: 0.11516854016255491
  interception_count: 0.10858606443458726
  xG: 0.09680719482571512
  fouls_suffered_count: 0.08955854354817569
  dispossessed_count: -0.08904062305622915
  goal_count: 0.07785662443482996
  successful_tackles: -0.0749216242331838
  long_carries: 0.056815001711897066
  on_target: -0.05679239928245487
  ball_recovery_count: 0.04586489425274698
  tackle_count: 0.04509560558756171
  pressure_count: 0.03899603714026922
  won_duels: 0.025186303741613392
  shot_count: -0.018795532133935786

Főkomponens 4 (PC4):
  penalites_won: 0.486192376021445
  clearance_count: -0.42551613856575404
  fouls_suffered_count: 0.3930000857325791
  goal_count: -0.3312586331122859
  successful_tackles: -0.25656155979002937
  pressure_count: 0.22134460545097
  assists: 0.2155056589201772
  xA: -0.19242937392125659
  on_target: -0.1811025309351963
  foul_committed_count: 0.17433654370123572
  shot_count: -0.11548388099199274
  block_count: -0.10858794725976503
  dispossessed_count: 0.09282451117252852
  tackle_count: -0.06673566205442337
  ball_recovery_count: 0.05694802249784511
  won_duels: -0.053413234191640846
  interception_count: -0.052468757009265295
  long_carries: -0.05196331064422167
  successfull_dribbles: -0.050478089653541364
  dribble_count: -0.044127173840228594
  key_passes: 0.03845599233397928
  successfull_pass_count: 0.02866056489736474
  xG: -0.016073119630416386
  pass_count: 0.00902634715297691
  duel_count: -0.002964877739084327

