FSV Mainz 05 - PCA eredmények

Magyarázott variancia arányok:
[0.59769234 0.22607792 0.0486487  0.03458468]
Összegzett variancia arány: 0.907003637400827

Főkomponens 1 (PC1):
  goal_count: 0.34297385740766284
  xG: 0.28183039783917624
  dispossessed_count: 0.27618480718120364
  on_target: 0.27572424716923344
  xA: 0.27038196056379604
  dribble_count: 0.26321782062990406
  assists: 0.2507795954753178
  successfull_dribbles: 0.22018555519794217
  shot_count: 0.2167312299546436
  fouls_suffered_count: 0.2147187372940773
  key_passes: 0.2073653419503383
  pressure_count: 0.2049265207712455
  penalites_won: 0.20330849300831147
  foul_committed_count: 0.17416160952304904
  duel_count: 0.16310924538718216
  block_count: 0.14698304928946762
  long_carries: 0.1435220766710393
  ball_recovery_count: 0.12426831843316893
  won_duels: 0.11573343379388899
  tackle_count: 0.10987348330558143
  successful_tackles: 0.10933614774762693
  interception_count: 0.09108899829319839
  pass_count: 0.08746546093432452
  successfull_pass_count: 0.08506662844586847
  clearance_count: 0.04778823105912229

Főkomponens 2 (PC2):
  clearance_count: 0.416783623593927
  goal_count: -0.28929196869300333
  penalites_won: 0.2848672038414723
  interception_count: 0.2841986292784568
  tackle_count: 0.2593702516024104
  won_duels: 0.25196356513196566
  xG: -0.24055396106033436
  successful_tackles: 0.23441579510682192
  successfull_pass_count: 0.2141757972028238
  pass_count: 0.19907050000685966
  block_count: 0.18675902251882912
  dribble_count: -0.1720873120937142
  foul_committed_count: 0.16639102234980152
  on_target: -0.16178559770068393
  ball_recovery_count: 0.15713390436467672
  duel_count: 0.14874789430597865
  pressure_count: 0.147126918924172
  xA: -0.13479010646796233
  successfull_dribbles: -0.10405418383899895
  long_carries: 0.09598730591932347
  dispossessed_count: -0.09294578768031297
  shot_count: -0.08995255709359233
  fouls_suffered_count: 0.07166582670129328
  assists: -0.06542199094633988
  key_passes: -0.020857427956707177

Főkomponens 3 (PC3):
  clearance_count: 0.48366030007174204
  successful_tackles: -0.2886348997955671
  long_carries: 0.2799408275056814
  fouls_suffered_count: -0.2787974183490853
  dispossessed_count: -0.26191169885799936
  penalites_won: -0.2611491437323642
  interception_count: 0.22322701584983753
  pressure_count: -0.2171501483895077
  foul_committed_count: -0.2023092254140242
  pass_count: 0.19597156282945816
  successfull_pass_count: 0.17126893874296995
  duel_count: -0.16398652998606847
  won_duels: -0.1599468544062881
  block_count: 0.14753560689713124
  dribble_count: 0.14652652800324642
  ball_recovery_count: 0.14068121268553932
  shot_count: 0.12377803311689703
  tackle_count: -0.11232392081314643
  successfull_dribbles: 0.11168753334654445
  goal_count: 0.09687287451921636
  xG: 0.08715711658881227
  on_target: 0.0723687811649678
  xA: 0.06331546171880044
  assists: 0.035378298657447606
  key_passes: 0.028756837824952967

Főkomponens 4 (PC4):
  xA: 0.43605816081557136
  key_passes: 0.39825552414305093
  dispossessed_count: -0.37635479971596714
  penalites_won: -0.3303857494188924
  successful_tackles: 0.24327761809731596
  clearance_count: -0.23392191390813122
  pressure_count: 0.23352101468558079
  fouls_suffered_count: -0.1910648782980049
  won_duels: 0.18407913534114856
  xG: -0.1682796478574566
  tackle_count: 0.15928930464332078
  goal_count: -0.15437432376864546
  shot_count: 0.11203144397046151
  interception_count: -0.1108687761968877
  foul_committed_count: -0.11044489148825147
  assists: 0.08957210616385387
  block_count: 0.08221603806372861
  long_carries: -0.0763617760246164
  dribble_count: -0.07606741385665394
  duel_count: -0.06872793267978682
  pass_count: 0.0648598952934479
  on_target: 0.06057511546455187
  successfull_pass_count: 0.056312583902215704
  ball_recovery_count: 0.05006314935460134
  successfull_dribbles: -0.04879572425310671

