Hamburger SV - PCA eredmények

Magyarázott variancia arányok:
[0.64444899 0.17883027 0.06753918 0.03243825]
Összegzett variancia arány: 0.9232566901470443

Főkomponens 1 (PC1):
  successful_tackles: 0.25402740560968423
  pressure_count: 0.2422901232806997
  won_duels: 0.23081262402193825
  foul_committed_count: 0.23023908846516314
  fouls_suffered_count: 0.2248673024454575
  block_count: 0.22362433828650685
  xA: 0.22051280144685673
  goal_count: 0.21880946844421265
  penalites_won: 0.2179497253295731
  successfull_dribbles: 0.2169789886499352
  tackle_count: 0.21400739248515485
  dribble_count: 0.21261377855657698
  duel_count: 0.21094338769476118
  dispossessed_count: 0.2073810416341452
  key_passes: 0.20528018690581876
  xG: 0.186051690065697
  assists: 0.17961411133609387
  on_target: 0.1792190684834043
  shot_count: 0.17285549097127004
  long_carries: 0.16396822331401023
  ball_recovery_count: 0.16279811845875916
  interception_count: 0.14480633116019367
  pass_count: 0.14249351178289496
  successfull_pass_count: 0.14044229406591688
  clearance_count: 0.12212147813732209

Főkomponens 2 (PC2):
  clearance_count: 0.429268107031687
  goal_count: -0.40398197885478043
  xG: -0.3348539542856987
  interception_count: 0.30194403010542914
  on_target: -0.2744772384972327
  tackle_count: 0.2094082935089546
  shot_count: -0.20898887834139784
  successfull_pass_count: 0.19989208438840678
  assists: -0.19889236364694293
  pass_count: 0.1876949697621198
  won_duels: 0.17517374099632857
  xA: -0.17256456818596666
  block_count: 0.17144207157868885
  long_carries: 0.12937677021813632
  ball_recovery_count: 0.12874061733839418
  penalites_won: 0.11456592594529362
  dispossessed_count: -0.10860107043773323
  successful_tackles: 0.09221436234335027
  key_passes: -0.08502412111828905
  dribble_count: -0.06396503265207168
  foul_committed_count: -0.03297006822764436
  successfull_dribbles: -0.03073720388506864
  duel_count: 0.03029354666276714
  fouls_suffered_count: 0.02751782310467619
  pressure_count: -0.0002965118132217233

Főkomponens 3 (PC3):
  clearance_count: 0.5381619882489626
  goal_count: 0.3930560571193665
  xG: 0.3345327822673078
  xA: -0.28801831558463165
  assists: -0.270354722061686
  key_passes: -0.23477960638012696
  shot_count: 0.20150907993538894
  fouls_suffered_count: -0.19034427294420647
  on_target: 0.185282025125675
  duel_count: 0.15479766757511354
  dribble_count: -0.14787610086679015
  successfull_dribbles: -0.14626172344593444
  penalites_won: -0.13591079525461758
  foul_committed_count: 0.10646693379819012
  interception_count: 0.07126703582270626
  ball_recovery_count: -0.06995293922797535
  dispossessed_count: -0.06303197134662941
  successful_tackles: -0.05950524656823997
  won_duels: -0.05648003305438633
  pressure_count: -0.037983959646273296
  successfull_pass_count: 0.037330053704793593
  pass_count: 0.022140876595866277
  block_count: 0.018033211980907966
  long_carries: -0.01446617648268261
  tackle_count: -0.008720867342214954

Főkomponens 4 (PC4):
  penalites_won: 0.4998838950722814
  successful_tackles: -0.4819456063151806
  won_duels: -0.3759923927149154
  tackle_count: -0.265664285935988
  assists: 0.22988890705721887
  fouls_suffered_count: 0.22530328213919232
  successfull_dribbles: -0.21418484441191285
  clearance_count: 0.18396426177029188
  xA: 0.1463253627414117
  dribble_count: -0.14325679726235926
  on_target: -0.13516459054209973
  xG: 0.10683928893881288
  pass_count: 0.0933626974445128
  key_passes: 0.08723196057250764
  foul_committed_count: 0.08097509164651928
  duel_count: 0.07702771710541323
  successfull_pass_count: 0.07528038545724802
  interception_count: 0.06978875993892145
  goal_count: -0.05416791392033135
  shot_count: 0.051446600113232085
  dispossessed_count: -0.04611578016818236
  block_count: 0.046062588900336855
  long_carries: 0.029493896137252767
  ball_recovery_count: 0.02839849902440992
  pressure_count: -0.009538150327487192

