Hannover 96 - PCA eredmények

Magyarázott variancia arányok:
[0.5447248  0.22842029 0.06578844 0.04980871]
Összegzett variancia arány: 0.8887422438273468

Főkomponens 1 (PC1):
  clearance_count: 0.25341413471763363
  penalites_won: 0.2453507807016426
  fouls_suffered_count: 0.24309877000274382
  block_count: 0.23613831466300753
  successful_tackles: 0.22772030352479689
  tackle_count: 0.2219183861705698
  won_duels: 0.22021992193204892
  foul_committed_count: 0.2182872064754982
  successfull_dribbles: 0.21769121628717375
  key_passes: 0.21657602923945332
  duel_count: 0.21449638872931026
  dispossessed_count: 0.2070222893065731
  interception_count: 0.20484603875097818
  pressure_count: 0.19695563646627817
  ball_recovery_count: 0.18926250944415848
  pass_count: 0.18733127037601935
  dribble_count: 0.18410004118811624
  successfull_pass_count: 0.1831260341991929
  xA: 0.1647167683606419
  long_carries: 0.16446962088194572
  shot_count: 0.15954464793900866
  goal_count: 0.1540087321574679
  on_target: 0.1526057322984334
  assists: 0.1394146041220485
  xG: 0.1230417361520204

Főkomponens 2 (PC2):
  clearance_count: 0.45987596429711325
  assists: -0.4096928579483787
  key_passes: -0.2900019999925253
  interception_count: 0.27020000130943383
  xA: -0.25430163112221504
  dispossessed_count: -0.24368148191343053
  goal_count: -0.21280806253710285
  xG: -0.20748673859810873
  successfull_dribbles: -0.195737468559244
  on_target: -0.17501283771388043
  dribble_count: -0.17092627240631503
  block_count: 0.15314631918362423
  tackle_count: 0.15184539003705877
  shot_count: -0.1515354482334937
  won_duels: 0.1441696439600624
  successfull_pass_count: 0.11859068679083319
  pass_count: 0.10957424578521967
  successful_tackles: 0.10956546514190897
  foul_committed_count: 0.09313909678005948
  duel_count: 0.07011937325544633
  ball_recovery_count: 0.06056775960147013
  fouls_suffered_count: -0.05619031618408984
  long_carries: 0.0464105374038263
  pressure_count: 0.03637719535134857
  penalites_won: 0.02796428580083239

Főkomponens 3 (PC3):
  goal_count: 0.48471115959903244
  on_target: 0.3624685344509757
  assists: -0.35884496946975386
  xG: 0.3505530334183796
  shot_count: 0.23374589534576948
  key_passes: -0.2066149963495432
  duel_count: 0.2047183777247431
  foul_committed_count: 0.19910144935803648
  successfull_dribbles: -0.1695389551931657
  xA: -0.1481208962509164
  clearance_count: 0.14685936916155878
  successful_tackles: -0.13439620172491926
  pass_count: -0.1283612107065913
  ball_recovery_count: -0.12830074109957515
  dribble_count: -0.12772444565460508
  successfull_pass_count: -0.11024912845179752
  tackle_count: -0.10946686754076161
  long_carries: -0.0966547364684156
  interception_count: -0.09205064633716059
  dispossessed_count: 0.08996797175916793
  won_duels: -0.08245778286829678
  pressure_count: 0.07285026769845039
  fouls_suffered_count: -0.028196578507363148
  penalites_won: -0.024681483629861542
  block_count: 0.0037274757024096344

Főkomponens 4 (PC4):
  clearance_count: 0.5570877020034718
  assists: 0.32182826455887037
  goal_count: 0.3122752419035582
  tackle_count: -0.22964201589027966
  key_passes: 0.22623948520394047
  successful_tackles: -0.2252815785336579
  pressure_count: -0.22499663235654213
  won_duels: -0.19744683494861248
  xA: 0.1924862062408193
  fouls_suffered_count: -0.19104169343050967
  dispossessed_count: -0.17719136435151528
  successfull_pass_count: 0.16275498749309636
  dribble_count: -0.15012299204876794
  pass_count: 0.14175381675298912
  on_target: -0.11172065096874824
  shot_count: -0.1083311753917944
  interception_count: 0.10124186901279902
  foul_committed_count: -0.09896116685856242
  long_carries: 0.08434575684023823
  ball_recovery_count: -0.07514635334457447
  block_count: -0.062108469990096386
  xG: 0.06152963628770776
  successfull_dribbles: -0.05578617128546931
  duel_count: -0.04080217991011384
  penalites_won: -0.027875178281515173

