Hertha Berlin - PCA eredmények

Magyarázott variancia arányok:
[0.58098502 0.22107223 0.0928232  0.02593879]
Összegzett variancia arány: 0.9208192374902059

Főkomponens 1 (PC1):
  goal_count: 0.34758279048142365
  xG: 0.27092883614475927
  on_target: 0.2575561484648313
  dispossessed_count: 0.24568330242563202
  successfull_dribbles: 0.23777264463337575
  dribble_count: 0.2353861323219269
  fouls_suffered_count: 0.22981287064408903
  assists: 0.21804203253551668
  penalites_won: 0.2159136108476686
  xA: 0.20238681006427345
  shot_count: 0.20163144830635893
  foul_committed_count: 0.2004269085968527
  duel_count: 0.1998527219398394
  pressure_count: 0.19567664311461672
  key_passes: 0.18171690391694048
  block_count: 0.1670878923114289
  long_carries: 0.15334158640702003
  tackle_count: 0.14448728686773035
  won_duels: 0.1437145912802809
  successfull_pass_count: 0.13837719904716278
  ball_recovery_count: 0.13784380064875748
  successful_tackles: 0.13592865113319105
  pass_count: 0.13458265321409685
  clearance_count: 0.09878493634917992
  interception_count: 0.09835446945883015

Főkomponens 2 (PC2):
  goal_count: 0.4154723016587591
  clearance_count: -0.3707221142196619
  xG: 0.3435234577268316
  penalites_won: -0.2956952618566517
  on_target: 0.275855617772947
  successfull_pass_count: -0.2474396791174848
  tackle_count: -0.22625979270786176
  pass_count: -0.21999111641972524
  won_duels: -0.20950583266929315
  successful_tackles: -0.18487328940724707
  shot_count: 0.17348197054467238
  interception_count: -0.17256163562736185
  block_count: -0.1596489948023908
  dispossessed_count: 0.136854563358536
  fouls_suffered_count: -0.1330198833117094
  ball_recovery_count: -0.11846963761000213
  pressure_count: -0.11104901365959519
  long_carries: -0.09093101115309385
  foul_committed_count: -0.07745391433130669
  dribble_count: 0.05410515701078231
  duel_count: -0.050507625041825745
  successfull_dribbles: 0.03212022700758989
  xA: 0.0220831931244198
  key_passes: 0.010104828578062122
  assists: 0.0012469959757916622

Főkomponens 3 (PC3):
  successfull_dribbles: 0.38955625625127005
  clearance_count: -0.38693220936435235
  penalites_won: -0.37956838482861793
  dribble_count: 0.378085969641666
  goal_count: -0.3000886367316514
  xG: -0.2539164234872792
  dispossessed_count: 0.22378701321161043
  on_target: -0.21200665375110336
  assists: 0.21087831563920734
  xA: 0.15766888042414484
  successful_tackles: 0.1284738895525564
  key_passes: 0.11717250269965415
  successfull_pass_count: -0.10699470610997738
  shot_count: -0.1002354491761067
  tackle_count: 0.08996329734597901
  ball_recovery_count: 0.08049101898313016
  pressure_count: 0.07644490836598043
  foul_committed_count: -0.07389665474728987
  pass_count: -0.07384717105071037
  won_duels: 0.06543081796706936
  long_carries: 0.049390747058965526
  duel_count: -0.0395022520309215
  block_count: 0.03531628849027266
  interception_count: 0.005961740240086934
  fouls_suffered_count: -0.0009804497221626031

Főkomponens 4 (PC4):
  assists: 0.3957017132471892
  key_passes: 0.37324743145443795
  successfull_dribbles: -0.3359844567858204
  dribble_count: -0.32713570956248716
  pass_count: 0.29143396808553507
  clearance_count: -0.2787100365369462
  successfull_pass_count: 0.25574977681492195
  foul_committed_count: 0.21634024612728683
  xA: 0.20927837631021481
  ball_recovery_count: 0.20904651668605725
  penalites_won: -0.1439704389351526
  won_duels: -0.140489034790356
  on_target: 0.11761561050881328
  tackle_count: -0.10936837558215594
  xG: -0.1037151532146908
  duel_count: -0.0998268632188152
  goal_count: -0.09971194756965056
  dispossessed_count: -0.08548719728368569
  long_carries: -0.07964740565718156
  shot_count: 0.07580141670702109
  block_count: -0.06548702953495865
  fouls_suffered_count: -0.026584263048061614
  successful_tackles: -0.02308251930818811
  pressure_count: -0.0045525536313720865
  interception_count: -0.0032463292356885295

