Hoffenheim - PCA eredmények

Magyarázott variancia arányok:
[0.5683546  0.24874974 0.06853299 0.03258499]
Összegzett variancia arány: 0.9182223278958166

Főkomponens 1 (PC1):
  assists: 0.3482750569453774
  xG: 0.2989205537993947
  goal_count: 0.2987885231648595
  dispossessed_count: 0.28995381645923235
  on_target: 0.26900711792976145
  xA: 0.26477234806458755
  dribble_count: 0.24483238936534032
  successfull_dribbles: 0.23900670291322718
  shot_count: 0.23126741785956798
  fouls_suffered_count: 0.22640979560809618
  key_passes: 0.2255902180047518
  pressure_count: 0.19515246191077523
  foul_committed_count: 0.1930019502625427
  successful_tackles: 0.15303657752748417
  duel_count: 0.14065950147990125
  penalites_won: 0.13970766561277023
  tackle_count: 0.11919152472886864
  won_duels: 0.11575632651270999
  long_carries: 0.10851570042774099
  block_count: 0.09727831337067697
  ball_recovery_count: 0.08706096330748747
  pass_count: 0.051664676930910855
  successfull_pass_count: 0.03993016295606092
  interception_count: 0.03469636851539548
  clearance_count: -0.029667540824845854

Főkomponens 2 (PC2):
  clearance_count: 0.5670519586753838
  block_count: 0.30389389443676684
  penalites_won: 0.2784658526824308
  interception_count: 0.25668231132513003
  successfull_pass_count: 0.24373532828738997
  tackle_count: 0.23082328318935685
  pass_count: 0.2208043912705152
  goal_count: -0.20041797786627888
  won_duels: 0.17300940401033418
  duel_count: 0.17279383667023676
  on_target: -0.16538937318779928
  xG: -0.1622024986927165
  long_carries: 0.15572161089474498
  foul_committed_count: 0.13946021917977472
  fouls_suffered_count: 0.12032916255338766
  ball_recovery_count: 0.11950599983838127
  successful_tackles: 0.11064926325598215
  pressure_count: 0.10868569494155217
  shot_count: -0.07822364152401365
  assists: -0.0780446445439324
  successfull_dribbles: -0.07511735125854697
  dribble_count: -0.07402506554910933
  dispossessed_count: -0.0649597680114641
  xA: -0.05326812950529067
  key_passes: -0.026561890006209215

Főkomponens 3 (PC3):
  clearance_count: 0.45782951434365005
  xG: 0.37510857857358826
  goal_count: 0.37506919889819695
  on_target: 0.3082167880565424
  successful_tackles: -0.29622839015706726
  foul_committed_count: -0.22647218542982517
  assists: -0.21449183901878907
  won_duels: -0.20020482251251379
  xA: -0.18229606257881728
  tackle_count: -0.17835001727988556
  pressure_count: -0.16207369536509253
  shot_count: 0.1448681601820054
  key_passes: -0.14061663507709052
  block_count: 0.13769690098258033
  fouls_suffered_count: -0.10533165912013688
  long_carries: 0.07426342418363054
  penalites_won: 0.07408944510977564
  ball_recovery_count: -0.07399205402325973
  duel_count: -0.06945387546759904
  interception_count: 0.06282718688807297
  successfull_pass_count: 0.025500790162837905
  dribble_count: -0.024839273080576426
  dispossessed_count: 0.011227414367351179
  pass_count: 0.010693751710305652
  successfull_dribbles: 0.0004145461391623882

Főkomponens 4 (PC4):
  assists: 0.4895981002558581
  goal_count: -0.3889381518661181
  block_count: -0.3162508508926868
  penalites_won: 0.28196486284259337
  won_duels: -0.2604046753434275
  pressure_count: -0.2437162762023099
  successfull_dribbles: 0.2153651142780019
  tackle_count: -0.2072178011605132
  clearance_count: 0.19659281839702272
  successful_tackles: -0.1963859758487849
  foul_committed_count: -0.15360415135286737
  on_target: -0.13736138772472434
  long_carries: 0.1372169654547498
  interception_count: -0.12784296337657097
  ball_recovery_count: 0.1176713032881085
  dispossessed_count: 0.10725762312923988
  pass_count: 0.10230361984076825
  dribble_count: 0.08408852866316445
  successfull_pass_count: 0.06556920398515326
  fouls_suffered_count: 0.06440629190082625
  duel_count: -0.06285248028998687
  shot_count: 0.0493310406432672
  xA: -0.018230817078056807
  key_passes: -0.008328723501503025
  xG: -0.0008469610492552471

