Ingolstadt - PCA eredmények

Magyarázott variancia arányok:
[0.50665604 0.18313177 0.1274191  0.07798882]
Összegzett variancia arány: 0.8951957392328549

Főkomponens 1 (PC1):
  penalites_won: 0.31115875722591035
  key_passes: 0.2986242839266177
  fouls_suffered_count: 0.2555040594315056
  duel_count: 0.24377741257889302
  xA: 0.2356198954005547
  shot_count: 0.2326082430785544
  pressure_count: 0.23101188962204292
  dispossessed_count: 0.22813660670022082
  xG: 0.2163677058710937
  on_target: 0.21597865110121378
  block_count: 0.21077787805830536
  foul_committed_count: 0.1951485498608916
  successfull_dribbles: 0.194941003457468
  dribble_count: 0.1944615476400182
  goal_count: 0.19419136131708092
  ball_recovery_count: 0.15995368144356262
  won_duels: 0.1549791117685563
  successful_tackles: 0.1487064153050422
  tackle_count: 0.14742196203798894
  clearance_count: 0.1338809030677964
  pass_count: 0.13182442196307415
  interception_count: 0.12633811264703426
  successfull_pass_count: 0.1181845286669856
  assists: 0.11445042537583291
  long_carries: 0.11392172700694114

Főkomponens 2 (PC2):
  clearance_count: 0.5699634316544154
  penalites_won: 0.32188450343104397
  xG: -0.3103580540624578
  goal_count: -0.3041355789663052
  on_target: -0.2659166417629434
  dispossessed_count: -0.21455983419262095
  interception_count: 0.21378226080773155
  tackle_count: 0.18751104367604696
  successful_tackles: 0.18032715751615788
  won_duels: 0.16529711782919362
  key_passes: -0.16357025800040031
  block_count: 0.14395501194427374
  shot_count: -0.1285199155116881
  dribble_count: -0.11967202104886038
  xA: -0.11379498391772125
  foul_committed_count: 0.0938851738436048
  successfull_dribbles: -0.0800177810676172
  successfull_pass_count: 0.07287539849789977
  pass_count: 0.06900338346797778
  ball_recovery_count: 0.06382427520221173
  fouls_suffered_count: 0.06329930603585582
  long_carries: 0.018501200766696573
  pressure_count: -0.011470532656883255
  duel_count: 0.009019385780690095
  assists: -0.008256955553075106

Főkomponens 3 (PC3):
  goal_count: 0.4729786419480161
  key_passes: -0.4661584403256983
  xA: -0.39501346327691494
  xG: 0.38969020812854893
  assists: -0.24142557133745682
  penalites_won: 0.22413503186330425
  clearance_count: 0.22097920236500485
  on_target: 0.13693552853278945
  pass_count: -0.13331531401480104
  duel_count: 0.10807240247535585
  successfull_pass_count: -0.1061451816231482
  successfull_dribbles: -0.08423272485367202
  fouls_suffered_count: 0.06912755150744146
  tackle_count: -0.06696296773522949
  pressure_count: -0.06683553580875763
  foul_committed_count: 0.06300422923842858
  long_carries: -0.05889622712248643
  won_duels: -0.05108760352649679
  ball_recovery_count: -0.049274328820346165
  dribble_count: -0.025693733066581674
  shot_count: -0.013979205483391599
  dispossessed_count: 0.0076070751379143705
  interception_count: 0.005412840608739697
  block_count: -0.004113298547287733
  successful_tackles: -0.0027137735988952347

Főkomponens 4 (PC4):
  dribble_count: 0.4603578533628287
  successfull_dribbles: 0.4131770365464517
  dispossessed_count: 0.3264476265095911
  key_passes: -0.2873311430053523
  clearance_count: -0.23887108965127943
  on_target: -0.23678188112147383
  goal_count: -0.22729537592786134
  xA: -0.22228342414480698
  assists: -0.1888729429337031
  fouls_suffered_count: 0.17965302000550445
  duel_count: 0.15632022339143328
  xG: -0.15525281667414448
  successful_tackles: 0.1531890421124113
  shot_count: -0.141865056840305
  foul_committed_count: 0.13393658778109724
  pass_count: -0.08981704213292335
  ball_recovery_count: 0.08646096917807237
  penalites_won: -0.08230741501038626
  long_carries: 0.07939732945517565
  successfull_pass_count: -0.07500708945752749
  block_count: -0.034223276390687236
  won_duels: 0.021153611965338593
  pressure_count: 0.010397814242904762
  interception_count: 0.004860094461263234
  tackle_count: 0.003632385689635809

