Schalke 04 - PCA eredmények

Magyarázott variancia arányok:
[0.61460891 0.17897799 0.08901541 0.0490549 ]
Összegzett variancia arány: 0.9316572040622833

Főkomponens 1 (PC1):
  assists: 0.31324845529080814
  successfull_dribbles: 0.29740843834239367
  dribble_count: 0.2891428677085908
  goal_count: 0.2842030662688079
  on_target: 0.27008649923418304
  xG: 0.26895410961307464
  shot_count: 0.2604122934188291
  xA: 0.25318251217935095
  dispossessed_count: 0.23361057754119946
  key_passes: 0.22340477639490997
  fouls_suffered_count: 0.1937150843994944
  foul_committed_count: 0.17408276882876897
  long_carries: 0.16502284533740522
  pressure_count: 0.16211524540481834
  penalites_won: 0.14433563041873934
  duel_count: 0.13430764509940957
  ball_recovery_count: 0.12540813025533773
  block_count: 0.12525706942498477
  tackle_count: 0.11768502213350368
  won_duels: 0.11601774053362689
  successful_tackles: 0.11093982962192363
  successfull_pass_count: 0.10274819123729591
  pass_count: 0.0989674989837255
  interception_count: 0.09375483835359946
  clearance_count: 0.08351486309758344

Főkomponens 2 (PC2):
  clearance_count: 0.430951674122993
  goal_count: -0.3066915177501358
  successfull_pass_count: 0.2777352223546552
  pass_count: 0.25707168329345337
  block_count: 0.2551437559671529
  interception_count: 0.2536185891359017
  tackle_count: 0.23362612991852283
  xG: -0.222696043043066
  won_duels: 0.2129647826934262
  penalites_won: 0.20437256632509282
  on_target: -0.19539043379246843
  dispossessed_count: -0.1938750233473917
  dribble_count: -0.17572441015563287
  successfull_dribbles: -0.16793272567241727
  long_carries: 0.15683768829731873
  foul_committed_count: 0.13744554767760356
  duel_count: 0.13423531036622816
  successful_tackles: 0.13295003522680085
  ball_recovery_count: 0.12523551906615882
  shot_count: -0.0974289460023197
  key_passes: 0.09174573630346305
  pressure_count: 0.08272462836993215
  xA: 0.04252331938299799
  assists: 0.0017519163782799218
  fouls_suffered_count: 0.0016829724547253121

Főkomponens 3 (PC3):
  dribble_count: 0.4940394460728213
  successfull_dribbles: 0.49127080213996416
  xG: -0.41907540900789525
  goal_count: -0.30623947298404564
  penalites_won: -0.2732280193066225
  successful_tackles: 0.16336304596962592
  shot_count: -0.14054840096552196
  dispossessed_count: 0.13817018736159628
  foul_committed_count: -0.1215482100934296
  ball_recovery_count: 0.11627200672733369
  on_target: -0.11292547922056975
  long_carries: 0.10904544791530835
  clearance_count: -0.09966715494895752
  tackle_count: 0.09856202868501823
  won_duels: 0.08277471908214909
  xA: -0.07819088396792287
  fouls_suffered_count: -0.07547996541601933
  interception_count: 0.05783612149040703
  block_count: 0.053267824660409614
  successfull_pass_count: -0.041819123844633634
  pressure_count: -0.0400847295861916
  key_passes: -0.039345706383120536
  pass_count: -0.03851876684910781
  assists: -0.03159563605285283
  duel_count: -0.013047070171104295

Főkomponens 4 (PC4):
  key_passes: 0.5117852448908055
  clearance_count: -0.4002613845454462
  assists: 0.39993694085895176
  xA: 0.31711720821014383
  xG: -0.29115387705022966
  goal_count: -0.2600778797226688
  fouls_suffered_count: 0.1531393788925744
  interception_count: -0.15177863254578763
  long_carries: -0.1391543673757614
  penalites_won: 0.1343687170554383
  duel_count: -0.12282934571338606
  successfull_dribbles: -0.11825596721854978
  dribble_count: -0.11352546255425339
  block_count: -0.1098460142933544
  foul_committed_count: -0.08267426967488979
  won_duels: -0.06511205733521575
  ball_recovery_count: 0.06306018718978233
  tackle_count: -0.058526217271461636
  on_target: -0.051460443435453314
  pass_count: 0.049340098507295475
  shot_count: -0.0354425904911645
  dispossessed_count: -0.029625485663092175
  successfull_pass_count: 0.025664122862367352
  successful_tackles: -0.022906810001433853
  pressure_count: -0.011547830127016802

