VfB Stuttgart - PCA eredmények

Magyarázott variancia arányok:
[0.67827447 0.15193344 0.09519624 0.0163706 ]
Összegzett variancia arány: 0.9417747412031792

Főkomponens 1 (PC1):
  xA: 0.31211552526706904
  xG: 0.2877364584799697
  on_target: 0.28122465181662654
  goal_count: 0.2758470930793583
  key_passes: 0.2652600263709999
  shot_count: 0.2560679721632979
  dispossessed_count: 0.23877834592060987
  assists: 0.23111769827783452
  pressure_count: 0.21331288853671757
  successfull_dribbles: 0.20060483289672085
  fouls_suffered_count: 0.1925644450848276
  dribble_count: 0.18795051173398672
  block_count: 0.17888407355748745
  foul_committed_count: 0.17317504977764694
  long_carries: 0.16015532331589988
  penalites_won: 0.1504335195473947
  won_duels: 0.1497824685140999
  duel_count: 0.14765636063888504
  tackle_count: 0.14761320893889598
  successful_tackles: 0.14732812356304223
  ball_recovery_count: 0.13963091925678528
  pass_count: 0.11975350127375602
  interception_count: 0.11333750089304744
  successfull_pass_count: 0.10915815765784695
  clearance_count: 0.05913787937452912

Főkomponens 2 (PC2):
  xG: 0.3882444227175068
  clearance_count: -0.37944609311402683
  goal_count: 0.34279046182750095
  on_target: 0.3092446288205641
  interception_count: -0.2678102127201426
  won_duels: -0.23443099801711056
  tackle_count: -0.22996664106768963
  successful_tackles: -0.224465378922859
  shot_count: 0.20295289773385383
  block_count: -0.19072903382913828
  ball_recovery_count: -0.18907385380993966
  successfull_pass_count: -0.17485918014692883
  pass_count: -0.168897649769474
  penalites_won: -0.12894440781594538
  long_carries: -0.12346241795795863
  successfull_dribbles: -0.12174583328166144
  dispossessed_count: 0.09906848131620614
  foul_committed_count: -0.09628251080944056
  duel_count: -0.0936632887377769
  pressure_count: -0.0887434210057436
  assists: 0.060677569050670455
  dribble_count: -0.059590372046253004
  xA: -0.010987290807421621
  key_passes: -0.0017425499083629054
  fouls_suffered_count: -6.324717874357632e-05

Főkomponens 3 (PC3):
  xA: 0.475021644355056
  key_passes: 0.32456599232827293
  clearance_count: -0.32173482239188705
  penalites_won: -0.2902230746092401
  xG: -0.2615625411872392
  assists: 0.25788173095460076
  dispossessed_count: 0.2530309013553556
  goal_count: -0.22783920879182892
  on_target: -0.20381420473713036
  dribble_count: 0.19462048130520762
  successfull_dribbles: 0.19105709353673944
  duel_count: -0.15365083177678904
  shot_count: -0.14898153874943182
  fouls_suffered_count: -0.12260997170206371
  foul_committed_count: -0.11398990659498899
  tackle_count: -0.09858175690173858
  successfull_pass_count: -0.084275029039571
  pressure_count: -0.07767364405388011
  won_duels: -0.0771412052899099
  pass_count: -0.057482890207364926
  block_count: -0.05406622524674155
  ball_recovery_count: 0.0458211149626575
  successful_tackles: -0.039650062612071435
  interception_count: -0.03332188552153331
  long_carries: 0.029156195860190724

Főkomponens 4 (PC4):
  clearance_count: 0.6329603965820201
  ball_recovery_count: -0.3124287731462509
  won_duels: -0.2807028151234797
  xA: 0.25958104918817276
  dispossessed_count: 0.25088330140268583
  successful_tackles: -0.24538566533697248
  block_count: 0.18143421552101752
  successfull_dribbles: -0.1759994402074901
  key_passes: 0.15428934961501167
  pressure_count: -0.1532951279412772
  tackle_count: -0.15175821492541525
  long_carries: 0.13205383709936858
  duel_count: 0.1215208749580094
  xG: 0.11747482641806904
  assists: -0.10444194458611546
  successfull_pass_count: -0.09724330884051888
  dribble_count: -0.09089682164452484
  foul_committed_count: -0.07095642308383411
  interception_count: 0.0639929068542351
  goal_count: -0.06075581993779762
  pass_count: -0.059817407529706455
  fouls_suffered_count: -0.059621472229098034
  shot_count: -0.05240196915520845
  penalites_won: -0.027821942511662468
  on_target: -0.00897698306530462

