Werder Bremen - PCA eredmények

Magyarázott variancia arányok:
[0.57674259 0.20928506 0.10551188 0.03834359]
Összegzett variancia arány: 0.9298831137907542

Főkomponens 1 (PC1):
  goal_count: 0.2955513292457085
  xG: 0.268790572818825
  key_passes: 0.2521948817871193
  xA: 0.2501319075605636
  assists: 0.24872191560299792
  penalites_won: 0.24531141912982501
  fouls_suffered_count: 0.23206941901224257
  on_target: 0.23128969568068677
  dispossessed_count: 0.22149533001762384
  shot_count: 0.22138357763609084
  duel_count: 0.20647798742910597
  pressure_count: 0.1833651097169928
  tackle_count: 0.1775113660073607
  block_count: 0.17569730917414836
  foul_committed_count: 0.17407892514323733
  dribble_count: 0.17289006024948053
  successfull_dribbles: 0.17108800352993642
  won_duels: 0.1645258362004162
  ball_recovery_count: 0.16315808234975526
  interception_count: 0.15029671310943007
  clearance_count: 0.14202796321480113
  long_carries: 0.13355335705563542
  successful_tackles: 0.12570692551593748
  pass_count: 0.12430610174605995
  successfull_pass_count: 0.1145780248889861

Főkomponens 2 (PC2):
  goal_count: 0.520332521259818
  xG: 0.4353992511999472
  clearance_count: -0.28247925521208384
  on_target: 0.2731342740911578
  penalites_won: -0.2613574740366698
  interception_count: -0.23141145423938803
  won_duels: -0.22840071879948393
  tackle_count: -0.21666515366925618
  fouls_suffered_count: -0.16901370403400773
  successful_tackles: -0.14369375369376694
  block_count: -0.14037496278025008
  shot_count: 0.1301020804650028
  pass_count: -0.11969328875100624
  successfull_pass_count: -0.1191978239916377
  long_carries: -0.10597257058648474
  ball_recovery_count: -0.10370467487640533
  pressure_count: -0.08852930589485254
  dispossessed_count: 0.08098105167245209
  foul_committed_count: -0.07497533447516495
  dribble_count: 0.05871289801617848
  duel_count: -0.04308307632006864
  successfull_dribbles: 0.04270764954314079
  assists: -0.025476487653811573
  key_passes: 0.012514849585794796
  xA: -0.0008546861157973919

Főkomponens 3 (PC3):
  assists: 0.5496986677837602
  clearance_count: -0.49002646865982213
  key_passes: 0.35903479236206554
  xA: 0.32398253606191196
  xG: -0.25704492888410335
  goal_count: -0.22467732825488437
  duel_count: -0.15330358067758829
  interception_count: -0.11415129201344669
  successful_tackles: -0.08928508106196588
  dribble_count: 0.08656365722259986
  block_count: -0.0851011627916491
  on_target: -0.08480932377813485
  penalites_won: -0.07690009017692032
  long_carries: -0.07425605408452682
  dispossessed_count: 0.07172150500278562
  won_duels: -0.07112522741220113
  successfull_pass_count: -0.06734624000927941
  pass_count: -0.058507358312501555
  fouls_suffered_count: 0.05462265389366021
  pressure_count: 0.05099050100317654
  successfull_dribbles: 0.046207750320709604
  tackle_count: -0.04525231532106011
  shot_count: -0.025978327490110573
  ball_recovery_count: -0.021288895616242892
  foul_committed_count: 0.01914877139551549

Főkomponens 4 (PC4):
  clearance_count: 0.4372144857837973
  successfull_dribbles: -0.35531859723851555
  dribble_count: -0.3297006166652914
  dispossessed_count: -0.28567530817458
  ball_recovery_count: -0.2716251316515496
  key_passes: 0.2708849193644733
  xA: 0.2586397075899736
  assists: 0.2392892999200328
  fouls_suffered_count: -0.23328777445125798
  long_carries: -0.23322809259261554
  successful_tackles: -0.2151304640942798
  interception_count: 0.1619270518121134
  won_duels: -0.09274690834583152
  shot_count: 0.08645092820489286
  duel_count: 0.08464617888830141
  pass_count: 0.06011267953829904
  goal_count: 0.06001573588989889
  xG: 0.05486037471242161
  successfull_pass_count: 0.048292111032956705
  on_target: 0.04044482541831157
  tackle_count: -0.030769343750027652
  penalites_won: -0.028928884809762516
  foul_committed_count: -0.014591343751001462
  pressure_count: -0.014587528245592205
  block_count: 0.0018750232471436003

