Wolfsburg - PCA eredmények

Magyarázott variancia arányok:
[0.59513979 0.20907953 0.07205323 0.03900407]
Összegzett variancia arány: 0.9152766177345472

Főkomponens 1 (PC1):
  assists: 0.3208062475962774
  on_target: 0.30012991413497947
  key_passes: 0.2808916030064259
  xA: 0.2705534369350412
  shot_count: 0.24517163112920343
  dribble_count: 0.2382907360701239
  successfull_dribbles: 0.2369673689546449
  dispossessed_count: 0.22473868889031626
  goal_count: 0.21171135694650128
  xG: 0.2104774411449096
  fouls_suffered_count: 0.2001332133793846
  long_carries: 0.19780238330544256
  successfull_pass_count: 0.16486404413141004
  penalites_won: 0.16360007367085966
  foul_committed_count: 0.16157046966572003
  pressure_count: 0.15897219569200835
  pass_count: 0.1565877076262147
  tackle_count: 0.1432836237439147
  block_count: 0.14151344599007717
  ball_recovery_count: 0.13771748754114232
  duel_count: 0.13648727763725566
  won_duels: 0.13473568932412192
  successful_tackles: 0.13444956101421504
  interception_count: 0.11440529396625328
  clearance_count: 0.07576184601072286

Főkomponens 2 (PC2):
  goal_count: 0.31862156934382774
  clearance_count: -0.298963965485902
  xG: 0.2770416061454151
  assists: 0.26126313999097445
  successfull_pass_count: -0.254730216722722
  interception_count: -0.2537844979836335
  won_duels: -0.2411639946501282
  tackle_count: -0.2313180119751381
  on_target: 0.23103973238912934
  successful_tackles: -0.22441871103420086
  pass_count: -0.22273661338216408
  penalites_won: -0.21385703804144063
  block_count: -0.190601143308781
  xA: 0.17770244084361658
  foul_committed_count: -0.17768894895678786
  ball_recovery_count: -0.1626506250588615
  duel_count: -0.13130442530571268
  fouls_suffered_count: -0.1308109863587422
  long_carries: -0.12458574154967028
  pressure_count: -0.11379936777249416
  dribble_count: 0.11205079740464362
  shot_count: 0.10109926933271643
  successfull_dribbles: 0.08691174768907454
  key_passes: 0.05891085619485329
  dispossessed_count: 0.038448282852118904

Főkomponens 3 (PC3):
  goal_count: 0.4415315095530636
  xG: 0.41205066804833057
  assists: -0.3318975684591605
  shot_count: 0.2962847056637234
  key_passes: -0.2806828364057686
  clearance_count: 0.2585290996126323
  xA: -0.23773672332754037
  on_target: 0.23394242396905474
  dribble_count: -0.20031246836337527
  successfull_dribbles: -0.1936765640571295
  fouls_suffered_count: -0.16149184840914313
  dispossessed_count: -0.14091189000999788
  interception_count: 0.11684784788684995
  successfull_pass_count: 0.11526201098299148
  foul_committed_count: 0.10555476519627024
  penalites_won: -0.0839277152616884
  pass_count: 0.07969106175915404
  duel_count: 0.06080901362096982
  pressure_count: 0.024412560303016726
  tackle_count: -0.023642849602393448
  successful_tackles: 0.012675758197583794
  ball_recovery_count: 0.011633114832905684
  block_count: 0.011507264277234402
  long_carries: 0.009396652930196309
  won_duels: 0.006294499770455839

Főkomponens 4 (PC4):
  dribble_count: 0.4746746468605307
  xA: -0.44169233222775545
  key_passes: -0.38555743963594563
  successfull_dribbles: 0.32721355612967334
  dispossessed_count: 0.2849649236035966
  penalites_won: -0.18988214992543703
  successfull_pass_count: -0.1852656428514257
  clearance_count: -0.18054243887983912
  pass_count: -0.1750556001423526
  successful_tackles: 0.15196263227797419
  foul_committed_count: 0.13245474003690683
  on_target: 0.12582088573636366
  assists: -0.1163705388956979
  tackle_count: 0.08667897573813794
  won_duels: 0.0852332451373166
  pressure_count: 0.08094147314274189
  interception_count: 0.0770797571119072
  xG: -0.07139177137915168
  goal_count: -0.052840938185319423
  block_count: 0.045914040145610485
  shot_count: 0.0308532186408644
  ball_recovery_count: 0.02556390095925706
  duel_count: -0.009240894714015195
  fouls_suffered_count: -0.008417620366718125
  long_carries: -0.0023638082895061727

