AFC Bournemouth - PCA eredmények

Magyarázott variancia arányok:
[0.64133685 0.1776315  0.06063432 0.04531852]
Összegzett variancia arány: 0.9249211924994993

Főkomponens 1 (PC1):
  long_carries: 0.24787204386565673
  assists: 0.2473222592152368
  successful_tackles: 0.24268076641650121
  clearance_count: 0.24159671240129993
  key_passes: 0.23703246604912936
  successfull_dribbles: 0.23398756298492907
  tackle_count: 0.2292629267764127
  successfull_pass_count: 0.22718411041585945
  won_duels: 0.22011741379779184
  pass_count: 0.22009478089844214
  dribble_count: 0.21056666596624068
  interception_count: 0.20767317542777872
  xA: 0.201270626245333
  dispossessed_count: 0.1998287730862137
  block_count: 0.19840202044890265
  pressure_count: 0.19824561476861088
  duel_count: 0.19355843116701207
  ball_recovery_count: 0.1818144660889656
  shot_count: 0.17849319993826032
  foul_committed_count: 0.14245973159244915
  fouls_suffered_count: 0.1423395909340297
  on_target: 0.12901242007507857
  goal_count: 0.12051948470594002
  xG: 0.118984958935649
  penalites_won: 0.11528445086179863

Főkomponens 2 (PC2):
  clearance_count: 0.5517001297712282
  dispossessed_count: -0.297912710051248
  on_target: -0.27420903379229133
  dribble_count: -0.26203405862137175
  shot_count: -0.2583323945894912
  xG: -0.2511182487223941
  interception_count: 0.24221515296018062
  goal_count: -0.23244340030261576
  successfull_pass_count: 0.21804674835074334
  successfull_dribbles: -0.21169646531054404
  pass_count: 0.19954276252613473
  fouls_suffered_count: -0.14115820798017054
  long_carries: 0.1198343544709813
  tackle_count: 0.10529827391693156
  xA: -0.10307353419789399
  pressure_count: -0.09438221623592466
  won_duels: 0.0850362734941076
  duel_count: 0.06618704675716523
  ball_recovery_count: 0.05967505721074674
  block_count: 0.04690805554691713
  key_passes: -0.04300716173385444
  assists: -0.040490530994707896
  foul_committed_count: -0.04014408999257691
  successful_tackles: 0.030316159770689504
  penalites_won: -0.0072423615739237186

Főkomponens 3 (PC3):
  clearance_count: 0.5145828350611972
  goal_count: 0.4571691701222938
  xG: 0.33164638334056556
  on_target: 0.29511184896724624
  successful_tackles: -0.2850239412277687
  shot_count: 0.2286118915954266
  key_passes: -0.19305431759743738
  won_duels: -0.16736281252465487
  assists: -0.15901725473173117
  tackle_count: -0.15228992503307962
  successfull_dribbles: -0.15029267147108505
  interception_count: 0.12912839209115906
  xA: -0.10127496254093322
  successfull_pass_count: -0.08424910044901837
  dribble_count: -0.07887781858499811
  pass_count: -0.06925952989675793
  pressure_count: -0.06710843953150898
  block_count: 0.06163668323735192
  ball_recovery_count: -0.05255217581364867
  long_carries: 0.030250910168605927
  foul_committed_count: 0.029351691810389224
  duel_count: 0.02089352145327492
  penalites_won: 0.020670533461011945
  fouls_suffered_count: -0.017300740461424033
  dispossessed_count: 0.014839992702154494

Főkomponens 4 (PC4):
  assists: 0.5985010917972438
  successful_tackles: -0.42978796540951686
  key_passes: 0.2633421053074641
  xA: 0.25551924128332026
  won_duels: -0.24395501420840104
  tackle_count: -0.18670879741962246
  ball_recovery_count: 0.1819457282904836
  successfull_dribbles: -0.16635094552877733
  dribble_count: -0.16447199154989042
  pass_count: 0.14036567992940335
  shot_count: 0.1403210297868334
  duel_count: -0.11921571749606989
  successfull_pass_count: 0.11257781125903729
  clearance_count: -0.10399644163354488
  foul_committed_count: -0.09923378393873124
  pressure_count: -0.09654102446605681
  fouls_suffered_count: -0.09153428598924726
  dispossessed_count: -0.09130774864283922
  interception_count: 0.08721593426380943
  goal_count: -0.08474750504418478
  long_carries: -0.07539274381248737
  block_count: 0.06202102262098928
  xG: 0.04667432849940951
  penalites_won: 0.0274263418786568
  on_target: 0.003202599618376063

