Arsenal - PCA eredmények

Magyarázott variancia arányok:
[0.6123836  0.1441113  0.13534078 0.05695878]
Összegzett variancia arány: 0.9487944605428861

Főkomponens 1 (PC1):
  assists: 0.4460659526631473
  xA: 0.3906715718583787
  key_passes: 0.3439123280466082
  goal_count: 0.27372434359432163
  xG: 0.2560029893008867
  on_target: 0.2558556796486016
  successfull_dribbles: 0.23764421219826495
  shot_count: 0.22741388257863596
  dribble_count: 0.21876344370094958
  dispossessed_count: 0.2033888524044362
  long_carries: 0.14820163820691087
  fouls_suffered_count: 0.13570756764192926
  successfull_pass_count: 0.12469379804763424
  pass_count: 0.12086873177036249
  pressure_count: 0.09686663387529122
  ball_recovery_count: 0.08972629359431657
  duel_count: 0.08163009415423675
  foul_committed_count: 0.08032021006852767
  won_duels: 0.07876103475478086
  successful_tackles: 0.07406594901826674
  tackle_count: 0.06903261640736977
  penalites_won: 0.06677765764051373
  block_count: 0.0582860534585394
  interception_count: 0.03487915520039029
  clearance_count: -0.0130285095462786

Főkomponens 2 (PC2):
  goal_count: 0.45081886722317455
  on_target: 0.37606776496369715
  xG: 0.364804395546038
  assists: -0.3215643597341494
  shot_count: 0.28943901992117
  successfull_pass_count: -0.23260532330134467
  key_passes: -0.23041801720344815
  interception_count: -0.20395486018009304
  clearance_count: -0.20199263666519837
  pass_count: -0.20112328083360972
  xA: -0.17179251569788762
  long_carries: -0.12574308963627837
  successful_tackles: -0.12046297054058419
  won_duels: -0.09915089955349267
  tackle_count: -0.09878878201718869
  dispossessed_count: 0.09509511856379876
  ball_recovery_count: -0.08510091874624451
  block_count: -0.08229517220143992
  pressure_count: -0.0357149016652979
  dribble_count: 0.021028491441099778
  penalites_won: -0.02090751045780361
  fouls_suffered_count: 0.016127203889435233
  duel_count: 0.010118233496017606
  successfull_dribbles: 0.00448650461399441
  foul_committed_count: 0.002648259747812034

Főkomponens 3 (PC3):
  clearance_count: 0.41518388546314955
  assists: -0.3980519192892692
  interception_count: 0.30619104048884094
  tackle_count: 0.23288804607627595
  won_duels: 0.23287562746923163
  key_passes: -0.226988861657141
  block_count: 0.22198404424896997
  successful_tackles: 0.21590037848815252
  xA: -0.2100444183291316
  duel_count: 0.20723328652291595
  penalites_won: 0.20117130150058693
  successfull_pass_count: 0.18488637922843706
  pass_count: 0.15883742721331245
  long_carries: 0.1522672178548996
  ball_recovery_count: 0.15064934389068657
  foul_committed_count: 0.14981983830518314
  fouls_suffered_count: 0.1144230949093767
  pressure_count: 0.11154050596095605
  shot_count: 0.09759064641044835
  xG: 0.09293871252646321
  goal_count: 0.0788290948736593
  on_target: 0.0748686484757727
  successfull_dribbles: 0.06851295164066498
  dribble_count: 0.048854999771377465
  dispossessed_count: 0.04091063303791245

Főkomponens 4 (PC4):
  successfull_dribbles: 0.5867817885216978
  dribble_count: 0.46440897810759874
  clearance_count: -0.33895878062511553
  assists: -0.31917548768363074
  goal_count: -0.22926672648990581
  dispossessed_count: 0.22214357551509867
  xG: -0.164249216872663
  penalites_won: -0.14176197823291728
  on_target: -0.12188558155767487
  duel_count: -0.11834208591361467
  long_carries: 0.11738379421751444
  ball_recovery_count: 0.10411915128843102
  successful_tackles: 0.08361942287273766
  interception_count: -0.06559866326193971
  key_passes: -0.06084425189763562
  fouls_suffered_count: 0.0526935354225802
  successfull_pass_count: -0.02804374088672152
  foul_committed_count: -0.026399348271206446
  block_count: -0.023998525799934802
  pass_count: -0.02345840367759281
  won_duels: 0.01684676496735283
  shot_count: -0.009310030913207631
  tackle_count: 0.004981726923251191
  xA: 0.0006978739848220737
  pressure_count: 6.385546434587355e-05

