Aston Villa - PCA eredmények

Magyarázott variancia arányok:
[0.61003714 0.16602229 0.08106082 0.07130228]
Összegzett variancia arány: 0.9284225282574308

Főkomponens 1 (PC1):
  successfull_dribbles: 0.342413091608578
  dribble_count: 0.31278225476389093
  successful_tackles: 0.2932397079508608
  won_duels: 0.27257027081228863
  tackle_count: 0.25180226113688936
  pressure_count: 0.24745191766183636
  dispossessed_count: 0.23534133448612807
  long_carries: 0.2181843496882332
  interception_count: 0.20717470377571798
  foul_committed_count: 0.20086613986148763
  duel_count: 0.19875734741455184
  block_count: 0.1954625312038327
  ball_recovery_count: 0.18481211427812833
  shot_count: 0.1705455831209835
  successfull_pass_count: 0.1668576656813929
  fouls_suffered_count: 0.16181893382707227
  pass_count: 0.15504045642577916
  key_passes: 0.15167611483573004
  on_target: 0.13178762213722736
  clearance_count: 0.11110327041687207
  xG: 0.11022379584077616
  goal_count: 0.10693636742379012
  xA: 0.0965659793727577
  penalites_won: 0.08221140080913729
  assists: 0.04836721157540673

Főkomponens 2 (PC2):
  clearance_count: 0.49190733237581025
  dribble_count: -0.3202507587746887
  dispossessed_count: -0.31122967532010437
  successfull_dribbles: -0.2730043150491444
  goal_count: -0.2655435142416169
  interception_count: 0.26246061192115716
  on_target: -0.2370546366636814
  tackle_count: 0.2212522632617214
  won_duels: 0.2183247590523406
  successful_tackles: 0.2160066284200029
  xG: -0.20274113986399098
  shot_count: -0.1973934625308108
  successfull_pass_count: 0.13549368418518176
  pass_count: 0.12709070832450142
  block_count: 0.118944935956111
  ball_recovery_count: 0.08722755849763432
  fouls_suffered_count: -0.05295880401213661
  foul_committed_count: 0.04633429917250416
  assists: 0.03362692898510669
  key_passes: 0.031834254043457605
  penalites_won: 0.03101015771146815
  pressure_count: 0.025496617337354924
  duel_count: -0.012456053165918086
  long_carries: -0.0015595996891241263
  xA: 0.0003689093578978172

Főkomponens 3 (PC3):
  clearance_count: 0.658311420083366
  goal_count: 0.3480728652168271
  xG: 0.28998571955114577
  on_target: 0.26363096498522187
  shot_count: 0.22140320326201202
  successful_tackles: -0.18542645690145554
  assists: -0.1835582989107638
  duel_count: 0.15651236435923233
  won_duels: -0.15451497769221936
  penalites_won: 0.15373631070442947
  key_passes: -0.14096215448206031
  block_count: 0.13038546396744793
  tackle_count: -0.12875450988765022
  ball_recovery_count: -0.10336387174460965
  long_carries: -0.09690903218239745
  xA: -0.09523557822705633
  successfull_dribbles: -0.08468663363154535
  pressure_count: -0.0673879545594398
  fouls_suffered_count: -0.06058677084428058
  dribble_count: -0.06054036855071859
  successfull_pass_count: -0.026625850056604488
  dispossessed_count: 0.01475161592585624
  interception_count: 0.010195035862349424
  pass_count: -0.00957337904016936
  foul_committed_count: -0.003438546194169992

Főkomponens 4 (PC4):
  assists: 0.5024636382645479
  key_passes: 0.4449526221791856
  xA: 0.40988835202353996
  successfull_dribbles: -0.3004661013131571
  dribble_count: -0.27613530085853166
  on_target: 0.22619853586640296
  shot_count: 0.21013544891181246
  pass_count: 0.1315360840555163
  xG: 0.1314810026253482
  successfull_pass_count: 0.11666205817279912
  clearance_count: -0.09890765351628285
  won_duels: -0.09872928906885385
  successful_tackles: -0.0955763969606642
  pressure_count: 0.09227459057390806
  dispossessed_count: -0.08465924634830109
  interception_count: -0.08027845002899826
  tackle_count: -0.07860719569882921
  goal_count: 0.06665533548473357
  duel_count: 0.06559071332055884
  foul_committed_count: 0.0582444859336834
  penalites_won: 0.03817252717060514
  long_carries: -0.020069751599382145
  block_count: 0.019455550114306545
  ball_recovery_count: 0.009556823111595617
  fouls_suffered_count: 0.0069900189673961595

