Chelsea - PCA eredmények

Magyarázott variancia arányok:
[0.67273009 0.17841175 0.06404512 0.03421573]
Összegzett variancia arány: 0.9494026923834866

Főkomponens 1 (PC1):
  xA: 0.3221457636282762
  key_passes: 0.3131412737101125
  assists: 0.3024826734881916
  successfull_dribbles: 0.2629771371701832
  dribble_count: 0.24695012892457907
  long_carries: 0.23301561019938138
  dispossessed_count: 0.22315595765420912
  goal_count: 0.21772721371847173
  on_target: 0.20863684479874015
  fouls_suffered_count: 0.19995791031399507
  shot_count: 0.19932535327811973
  xG: 0.19306146131323612
  successfull_pass_count: 0.18191019821730528
  successful_tackles: 0.18059228899206325
  pass_count: 0.17248450410022434
  won_duels: 0.17199858934916729
  tackle_count: 0.1703397282112168
  pressure_count: 0.1498643332236318
  duel_count: 0.14047510660874435
  ball_recovery_count: 0.13496807277370482
  block_count: 0.12132919752693616
  foul_committed_count: 0.11489134896933584
  penalites_won: 0.10930493400344538
  interception_count: 0.0952785384004165
  clearance_count: 0.03318834035561086

Főkomponens 2 (PC2):
  clearance_count: 0.42636747039422956
  tackle_count: 0.31979757224572264
  won_duels: 0.2970414224026281
  interception_count: 0.2813550996990671
  successfull_dribbles: -0.2477383779541977
  block_count: 0.24298744658705476
  successful_tackles: 0.24246502174904117
  dribble_count: -0.22647443503563144
  successfull_pass_count: 0.21785477392089578
  pass_count: 0.1933354482068571
  dispossessed_count: -0.1902780440754601
  duel_count: 0.17703922708339281
  goal_count: -0.1732249992902627
  xG: -0.15190587415263176
  on_target: -0.1483781664444047
  pressure_count: 0.1483410775218288
  foul_committed_count: 0.11981622422578057
  key_passes: -0.11701591193391479
  fouls_suffered_count: -0.11010400125928066
  shot_count: -0.10199175867216778
  ball_recovery_count: 0.08348131132632076
  xA: -0.0721028248313219
  penalites_won: 0.05694632508797201
  long_carries: -0.04893980402092601
  assists: 0.013329209701430481

Főkomponens 3 (PC3):
  xG: 0.4822717587741394
  goal_count: 0.4089307513297914
  key_passes: -0.37558320135552387
  clearance_count: 0.3397665189143585
  xA: -0.31689529814116324
  duel_count: 0.18317781176410916
  shot_count: 0.17238717932100203
  on_target: 0.1673850597677996
  long_carries: -0.15655361795168393
  dispossessed_count: 0.1512674970734178
  foul_committed_count: 0.1292332002304662
  penalites_won: 0.12758341445230717
  pass_count: -0.12036952751595163
  successfull_pass_count: -0.11535819590476729
  assists: -0.10984196953303067
  block_count: 0.09960917821417484
  ball_recovery_count: -0.09729948610782582
  dribble_count: 0.07272735923052144
  successfull_dribbles: -0.06589111339285944
  tackle_count: -0.032355264665539174
  won_duels: -0.025446706073524214
  pressure_count: -0.024540106885561054
  successful_tackles: -0.014784448613205001
  fouls_suffered_count: -0.01322594835162494
  interception_count: -0.005681932242425105

Főkomponens 4 (PC4):
  clearance_count: 0.5149286618273619
  successfull_dribbles: 0.40112355690187035
  assists: -0.36333732962326254
  long_carries: 0.3278931294414785
  dribble_count: 0.24151845908366348
  xG: -0.20546334441691472
  on_target: -0.1849689787289828
  fouls_suffered_count: 0.1812193144088535
  tackle_count: -0.17649886445141105
  xA: -0.15576953415732173
  won_duels: -0.13197229388640827
  goal_count: -0.12985510774716644
  pressure_count: -0.11805434925393293
  ball_recovery_count: 0.1150939378003885
  interception_count: 0.10516962058669273
  penalites_won: 0.0886802666102793
  duel_count: -0.0789607466264247
  successful_tackles: -0.07822973463806553
  key_passes: 0.06915710604658995
  block_count: 0.0677840475424602
  dispossessed_count: 0.06761191749229692
  foul_committed_count: -0.06512125891724417
  pass_count: -0.019575002624951304
  shot_count: -0.009452996068747036
  successfull_pass_count: -0.00023027851533694352

