Crystal Palace - PCA eredmények

Magyarázott variancia arányok:
[0.6324044  0.18439379 0.06738546 0.04994656]
Összegzett variancia arány: 0.9341302039803221

Főkomponens 1 (PC1):
  successfull_dribbles: 0.375104320780404
  dribble_count: 0.3555970751925251
  dispossessed_count: 0.304375138586384
  key_passes: 0.23159972530591755
  xA: 0.22497129617345202
  fouls_suffered_count: 0.21694656341141177
  shot_count: 0.19959202455387334
  interception_count: 0.19839186577646312
  successful_tackles: 0.19760155511986144
  ball_recovery_count: 0.19353514553157042
  on_target: 0.19102934363060456
  long_carries: 0.1878799412704911
  pressure_count: 0.1666595724961743
  won_duels: 0.16431145956500298
  tackle_count: 0.15939939775924927
  block_count: 0.1555869959092556
  xG: 0.15241414623476132
  foul_committed_count: 0.15159010750158203
  goal_count: 0.14114911271395195
  duel_count: 0.13890465474901253
  assists: 0.12912504452518433
  penalites_won: 0.1265911582251535
  pass_count: 0.11726051052438673
  successfull_pass_count: 0.1144778994448482
  clearance_count: 0.10966824491618173

Főkomponens 2 (PC2):
  clearance_count: 0.5784792384242455
  successfull_dribbles: -0.3524548111182688
  dribble_count: -0.3441174082813738
  interception_count: 0.31604614426758726
  dispossessed_count: -0.26052696748603393
  block_count: 0.2306592599290387
  successfull_pass_count: 0.17577075438389791
  pass_count: 0.17165291687241202
  tackle_count: 0.16794390218711747
  duel_count: 0.15973418045166562
  penalites_won: 0.1483378044057149
  won_duels: 0.12626806765972504
  foul_committed_count: 0.10878247159509248
  ball_recovery_count: 0.08930660980837002
  pressure_count: 0.08613166565124682
  goal_count: 0.08106310853474342
  fouls_suffered_count: -0.07603474677131832
  long_carries: -0.06384814336728786
  xG: 0.04966793264605628
  assists: 0.03288241669157626
  shot_count: 0.032196790290830196
  xA: -0.02918591062022025
  on_target: -0.01963830368635454
  successful_tackles: 0.015039370631663338
  key_passes: 0.004893127418830871

Főkomponens 3 (PC3):
  clearance_count: 0.4586309997035154
  xG: -0.39070917415444073
  on_target: -0.36875300122379623
  shot_count: -0.34825723506573747
  goal_count: -0.3073644116929246
  successfull_dribbles: 0.29688567136086264
  dribble_count: 0.23426179643792794
  key_passes: -0.17443385149614365
  long_carries: 0.14695390105460038
  assists: -0.12775506455386146
  block_count: 0.11222486743908879
  fouls_suffered_count: 0.10998269029969865
  dispossessed_count: 0.08819474841888815
  pressure_count: -0.08639001657713753
  won_duels: -0.08558468319214607
  tackle_count: -0.07974477922504178
  xA: -0.07493869666693216
  duel_count: -0.07050144139062096
  pass_count: 0.048448016992327855
  interception_count: 0.04290521774255877
  ball_recovery_count: 0.04145507101892727
  foul_committed_count: -0.03953551127557227
  successfull_pass_count: 0.036468003453041
  successful_tackles: 0.02967800708444036
  penalites_won: 0.004773351608730541

Főkomponens 4 (PC4):
  clearance_count: 0.4833930797361704
  interception_count: -0.3434782022183287
  goal_count: 0.3341474554978624
  on_target: 0.2649431703717555
  tackle_count: -0.255643408329045
  won_duels: -0.24928535962834492
  assists: 0.24091617618864922
  key_passes: -0.2036783415847159
  successful_tackles: -0.19922158407443732
  pressure_count: -0.19877199166242815
  xG: 0.18955194209872647
  ball_recovery_count: -0.1554225668866865
  shot_count: 0.1443587578578504
  dribble_count: 0.1284978697381488
  successfull_dribbles: 0.12081195051075136
  successfull_pass_count: -0.10937421858352163
  pass_count: -0.09281884924225776
  foul_committed_count: -0.07842034395497957
  xA: -0.07497971776969364
  duel_count: 0.07212296192793208
  penalites_won: 0.06586970057932097
  long_carries: 0.06419263703456352
  fouls_suffered_count: -0.046697670594380555
  block_count: 0.007560131890326197
  dispossessed_count: -0.001034005162510275

