Everton - PCA eredmények

Magyarázott variancia arányok:
[0.62648607 0.20028377 0.08193979 0.03235588]
Összegzett variancia arány: 0.9410655235196903

Főkomponens 1 (PC1):
  goal_count: 0.3418853752602452
  xG: 0.34039935348854966
  assists: 0.32604674516349885
  on_target: 0.29432994120644057
  shot_count: 0.28332960900440946
  successfull_dribbles: 0.2724482254626605
  dispossessed_count: 0.2592658137940717
  xA: 0.25762840172177953
  dribble_count: 0.25494421529973715
  key_passes: 0.2314321345303762
  long_carries: 0.18167286857092094
  fouls_suffered_count: 0.14776458959847794
  duel_count: 0.1228214388221741
  successfull_pass_count: 0.12115375420655504
  pass_count: 0.11699950784606997
  ball_recovery_count: 0.11558759098198497
  successful_tackles: 0.10779071178170273
  pressure_count: 0.09868425634744081
  foul_committed_count: 0.08953967874525699
  won_duels: 0.08736687595224803
  block_count: 0.08082633682849873
  tackle_count: 0.07678843889581163
  penalites_won: 0.06250498814393893
  interception_count: 0.04245630463919182
  clearance_count: 0.029243718858754226

Főkomponens 2 (PC2):
  clearance_count: 0.40348259695384503
  won_duels: 0.29634094097528674
  successful_tackles: 0.2945902470868756
  tackle_count: 0.28626774150514805
  interception_count: 0.26163499645220406
  block_count: 0.24685464525726736
  successfull_pass_count: 0.24354061710762515
  goal_count: -0.2415695527810732
  xG: -0.22810850395556628
  pass_count: 0.21505157380827555
  long_carries: 0.211448517350597
  ball_recovery_count: 0.18145850959101487
  pressure_count: 0.17799002232629796
  penalites_won: 0.17036939170026666
  on_target: -0.15886280868446678
  duel_count: 0.13871226629201977
  assists: -0.11838875897522914
  foul_committed_count: 0.11473875909429
  shot_count: -0.09975348714497775
  fouls_suffered_count: 0.09453619658730714
  dispossessed_count: -0.06802692358844
  xA: -0.028418525688600742
  dribble_count: -0.026499634727148044
  key_passes: 0.01196889968499638
  successfull_dribbles: -0.01186378320253514

Főkomponens 3 (PC3):
  assists: 0.4831743154955135
  goal_count: -0.41012830269734657
  xG: -0.38681236569429
  clearance_count: -0.31879845681684305
  xA: 0.29829079325603053
  successfull_dribbles: 0.2393528112423027
  on_target: -0.22004656397799818
  dribble_count: 0.19079647270243413
  shot_count: -0.16835850575406922
  duel_count: -0.16165913186666778
  key_passes: 0.14025634209665852
  interception_count: -0.08235898100238428
  successful_tackles: 0.08073345744110481
  block_count: -0.07339877229516387
  fouls_suffered_count: 0.07286295285979892
  dispossessed_count: 0.06953883189168922
  long_carries: 0.0673135243849182
  penalites_won: -0.05231605379424916
  foul_committed_count: -0.050079452021211175
  ball_recovery_count: 0.041901845450296175
  successfull_pass_count: -0.026926779373886257
  tackle_count: -0.01678023280242226
  pass_count: -0.01563027020388073
  won_duels: 0.013445513987495107
  pressure_count: 0.006602899609565999

Főkomponens 4 (PC4):
  clearance_count: 0.6395481212238343
  won_duels: -0.32741736337491867
  successful_tackles: -0.31883226001445053
  tackle_count: -0.2799672406594384
  foul_committed_count: -0.26236107443004636
  long_carries: 0.25608926512017754
  pressure_count: -0.22064187113256153
  assists: 0.17076320197552722
  interception_count: 0.13146853436627567
  duel_count: -0.11953788304133718
  successfull_dribbles: 0.1091000730599113
  block_count: -0.09122148232943322
  key_passes: -0.08839923483568683
  dribble_count: 0.07885398272124923
  xA: 0.07825008533769673
  xG: -0.07078959235063795
  ball_recovery_count: 0.06853206725365184
  successfull_pass_count: 0.04856364641272088
  on_target: -0.04698010018004811
  pass_count: 0.04251632982290668
  goal_count: -0.03857370645382322
  fouls_suffered_count: -0.029678063936733754
  dispossessed_count: 0.02579389891699867
  shot_count: 0.020347502595827426
  penalites_won: 0.0006823171707044463

