Leicester City - PCA eredmények

Magyarázott variancia arányok:
[0.59086572 0.21882937 0.10417163 0.03427079]
Összegzett variancia arány: 0.9481375194161283

Főkomponens 1 (PC1):
  goal_count: 0.3945334519630068
  xG: 0.342661789949944
  assists: 0.29735415614008087
  xA: 0.291238827893723
  on_target: 0.2809779898552915
  successfull_dribbles: 0.2804193393596862
  dribble_count: 0.2729662084568058
  shot_count: 0.2305565304456038
  key_passes: 0.2139210753642318
  dispossessed_count: 0.19376612839401303
  duel_count: 0.1492411162675136
  pressure_count: 0.13567208386229415
  fouls_suffered_count: 0.1355683145518583
  successful_tackles: 0.1354478621774083
  won_duels: 0.1318665766793213
  long_carries: 0.13165242415704653
  block_count: 0.12879652602186006
  tackle_count: 0.12361963841888549
  ball_recovery_count: 0.10953706778418168
  interception_count: 0.09126648362106918
  foul_committed_count: 0.08753035484108188
  pass_count: 0.0733394235634452
  successfull_pass_count: 0.06882169160110009
  penalites_won: 0.05134976571308645
  clearance_count: 0.019774585723318236

Főkomponens 2 (PC2):
  goal_count: 0.38076520970524536
  clearance_count: -0.35668968675320734
  interception_count: -0.34422764676752504
  xG: 0.3393300564287082
  won_duels: -0.3080130589899569
  tackle_count: -0.2788927030076978
  successful_tackles: -0.27308245052399444
  block_count: -0.24064785175645612
  on_target: 0.1785632490437781
  ball_recovery_count: -0.16716810154955938
  pressure_count: -0.15297755717286649
  successfull_pass_count: -0.1464801263826055
  pass_count: -0.1451431430649018
  duel_count: -0.11346190463636179
  foul_committed_count: -0.1099856667487871
  shot_count: 0.09898979823272987
  key_passes: -0.08361759363647171
  long_carries: -0.08289686874580839
  assists: -0.07610228903895451
  penalites_won: -0.06671727800556698
  xA: -0.05748971350906282
  successfull_dribbles: -0.02479216418299339
  dribble_count: 0.018016616876878378
  dispossessed_count: 0.011664258698387308
  fouls_suffered_count: -0.0016477559196478315

Főkomponens 3 (PC3):
  clearance_count: 0.5740725165572729
  xG: 0.34201088691823983
  assists: -0.3109983310901393
  goal_count: 0.28393982400919676
  xA: -0.2805176152057003
  successfull_dribbles: -0.2464944137581
  dribble_count: -0.22810039089863013
  duel_count: 0.18919371104071042
  key_passes: -0.17587615709061788
  penalites_won: 0.15404352146540418
  interception_count: 0.13933690861113146
  on_target: 0.13246529630636877
  shot_count: 0.12335205643004253
  block_count: 0.1045232026374656
  foul_committed_count: 0.10429241339577418
  dispossessed_count: -0.09347535263737831
  long_carries: -0.08297904191963582
  ball_recovery_count: -0.053770481798084094
  fouls_suffered_count: -0.03330140789251248
  successfull_pass_count: 0.01747296559818839
  tackle_count: 0.014565930790371159
  won_duels: 0.006472495532697509
  pressure_count: 0.0043756093883805525
  successful_tackles: 0.002532488916073848
  pass_count: 0.0020263661394560807

Főkomponens 4 (PC4):
  clearance_count: 0.646184489380635
  duel_count: -0.2830033323031046
  won_duels: -0.2736280798518545
  tackle_count: -0.26939453536843005
  dribble_count: 0.2684904364673888
  successfull_dribbles: 0.2560831498848936
  successful_tackles: -0.21359023093389393
  xA: 0.19336275129250352
  pressure_count: -0.1881532900974804
  xG: -0.18024071608039016
  assists: 0.14613028855004354
  ball_recovery_count: -0.1067489804976723
  foul_committed_count: -0.1027845758390224
  fouls_suffered_count: 0.08980290645511295
  interception_count: -0.07073651787898552
  dispossessed_count: -0.04568838991744588
  successfull_pass_count: -0.045424319938201875
  block_count: 0.041847863586991385
  shot_count: -0.0308531901565443
  goal_count: -0.029192024723603646
  pass_count: -0.028012911668293346
  long_carries: 0.025116390009737612
  key_passes: 0.022938917150701565
  on_target: 0.012796786375909652
  penalites_won: 0.012289503433775837

