Liverpool - PCA eredmények

Magyarázott variancia arányok:
[0.64325069 0.17524508 0.06964102 0.04434421]
Összegzett variancia arány: 0.9324809927508453

Főkomponens 1 (PC1):
  assists: 0.36813429511096224
  xA: 0.31635437198016503
  key_passes: 0.29071449658197496
  shot_count: 0.2565398522670385
  goal_count: 0.2473321287706808
  on_target: 0.24089517881963937
  dispossessed_count: 0.23854783880043073
  xG: 0.23343554197435876
  successfull_dribbles: 0.22143314139278789
  dribble_count: 0.21141148658558886
  won_duels: 0.17959727022348237
  successful_tackles: 0.17765734322633983
  pressure_count: 0.1718419781781749
  tackle_count: 0.16951347661706467
  long_carries: 0.15914364262883693
  duel_count: 0.15221790899071178
  block_count: 0.1447547507997399
  pass_count: 0.13409214431282185
  successfull_pass_count: 0.13296367198064726
  foul_committed_count: 0.12461203898671855
  ball_recovery_count: 0.12345603527729933
  fouls_suffered_count: 0.11668040402510141
  interception_count: 0.09496400789475008
  penalites_won: 0.08434448979794076
  clearance_count: 0.04508105688608725

Főkomponens 2 (PC2):
  clearance_count: 0.4442012407157935
  goal_count: -0.35366210360499617
  won_duels: 0.2787440456373199
  tackle_count: 0.2672379922142125
  xG: -0.25203059322978705
  successfull_pass_count: 0.25042282208253674
  interception_count: 0.24719386581459896
  pass_count: 0.22466958875071902
  on_target: -0.20118125130035994
  assists: -0.184924365663811
  successful_tackles: 0.17788266933391092
  block_count: 0.17569999580986434
  shot_count: -0.17369907711970364
  ball_recovery_count: 0.1453288951409471
  long_carries: 0.1449537699864978
  foul_committed_count: 0.1402620867174147
  duel_count: 0.1291198960000475
  pressure_count: 0.11439401178668002
  penalites_won: 0.09438065890776054
  dispossessed_count: -0.08479582756436363
  xA: -0.0797544162287063
  dribble_count: -0.07036665726043884
  successfull_dribbles: -0.04798134324833054
  key_passes: 0.03343507544388966
  fouls_suffered_count: 0.030542839219611543

Főkomponens 3 (PC3):
  assists: 0.5352821717362104
  clearance_count: -0.3948399175300347
  xG: -0.35607903536631674
  goal_count: -0.3395383625870902
  shot_count: -0.2877935145408747
  on_target: -0.28241331948355025
  xA: 0.20674893505335284
  key_passes: 0.20251630509115798
  penalites_won: -0.11419264319502094
  successful_tackles: 0.09613170011084607
  duel_count: -0.09514191225153407
  pressure_count: 0.08799813631215743
  successfull_pass_count: -0.0794474111410807
  long_carries: -0.0731957326523458
  interception_count: -0.06725286191615315
  pass_count: -0.05862013617980783
  dispossessed_count: 0.05598958091916337
  won_duels: 0.04272714600799067
  tackle_count: 0.03869086497954143
  foul_committed_count: 0.03591128255514942
  block_count: 0.03488058813803633
  fouls_suffered_count: -0.029183166668857608
  ball_recovery_count: -0.02209691352994844
  dribble_count: 0.01202468828353292
  successfull_dribbles: 0.0012542138312014641

Főkomponens 4 (PC4):
  assists: 0.507658679898862
  clearance_count: 0.4922455380155651
  successfull_dribbles: -0.40818834464719744
  dribble_count: -0.34845668491205817
  long_carries: -0.20971569161550255
  won_duels: -0.18405346207638687
  goal_count: 0.1658865537101872
  successful_tackles: -0.15416716282865123
  xG: 0.14946647312199868
  block_count: 0.11107745619851807
  penalites_won: 0.10030682922455815
  tackle_count: -0.08562007359143778
  on_target: -0.08164939532771512
  shot_count: -0.0762345331825734
  pressure_count: -0.05956188004036631
  dispossessed_count: -0.058409755827133404
  key_passes: 0.05722563036866094
  ball_recovery_count: -0.052421349481428604
  foul_committed_count: 0.04250988244144383
  fouls_suffered_count: -0.03929399400119074
  xA: 0.030498629233573857
  duel_count: 0.022607434671407148
  successfull_pass_count: 0.013211415984293182
  pass_count: 0.012382640657779805
  interception_count: -0.011985647683831934

