Manchester United - PCA eredmények

Magyarázott variancia arányok:
[0.61010261 0.25067306 0.04271191 0.02487862]
Összegzett variancia arány: 0.9283662074895118

Főkomponens 1 (PC1):
  dispossessed_count: 0.31505719510798
  goal_count: 0.30186569729250773
  xA: 0.27985769569790037
  successfull_dribbles: 0.2569731757481698
  on_target: 0.2554156150921093
  dribble_count: 0.2526458499996213
  xG: 0.24975833906425388
  shot_count: 0.23895630470627546
  long_carries: 0.23463283792870449
  key_passes: 0.22287622836530988
  assists: 0.20039572455378488
  successfull_pass_count: 0.16807634307769675
  fouls_suffered_count: 0.16286299166047633
  duel_count: 0.16123530349863927
  pass_count: 0.1565914717752219
  foul_committed_count: 0.1427510195128888
  pressure_count: 0.14206564813215072
  successful_tackles: 0.14145470329786028
  ball_recovery_count: 0.13644795698775172
  won_duels: 0.13342106321842598
  tackle_count: 0.1317332005124706
  block_count: 0.1278339864960726
  interception_count: 0.12165637966309802
  clearance_count: 0.10660673847699305
  penalites_won: 0.09842748105217528

Főkomponens 2 (PC2):
  clearance_count: 0.45766715514397444
  interception_count: 0.3297575758374066
  tackle_count: 0.28410471730466325
  won_duels: 0.26821657207805705
  successful_tackles: 0.2564373328661911
  goal_count: -0.2400928260416539
  successfull_pass_count: 0.2134297636734118
  on_target: -0.2072926857223546
  pass_count: 0.19242220511094169
  dispossessed_count: -0.18941676872894034
  duel_count: 0.17748097621470812
  xG: -0.16761191053049188
  dribble_count: -0.15754371977741552
  block_count: 0.1548677473508382
  pressure_count: 0.14520047633923056
  shot_count: -0.14034926716497795
  foul_committed_count: 0.13401192391186173
  assists: -0.12832186040636898
  successfull_dribbles: -0.12536463587757296
  xA: -0.11306655518629029
  long_carries: 0.10664013932945211
  ball_recovery_count: 0.10054880505357422
  penalites_won: 0.09579311510349169
  key_passes: -0.0322929413801662
  fouls_suffered_count: -0.022519532679201683

Főkomponens 3 (PC3):
  assists: 0.6178528044997006
  dispossessed_count: -0.45762433026282917
  key_passes: 0.2832888216833564
  dribble_count: -0.27461656724937533
  successfull_dribbles: -0.19964138251823146
  fouls_suffered_count: -0.18784402207520254
  xA: 0.1742849083237231
  successfull_pass_count: 0.16780210203064186
  pass_count: 0.15097410213875334
  won_duels: -0.14730458451470185
  clearance_count: 0.10728985380131655
  foul_committed_count: -0.10667669645604703
  on_target: 0.0976527463186634
  duel_count: -0.09205161275582306
  successful_tackles: -0.0872595845573716
  long_carries: 0.0746605220039652
  shot_count: 0.07353111711862917
  tackle_count: -0.06889476715280561
  penalites_won: -0.054718387084308484
  block_count: -0.05008920692554081
  ball_recovery_count: 0.04761129873052452
  xG: 0.03625467806480686
  goal_count: 0.029894240827586526
  pressure_count: -0.022119971995799566
  interception_count: -0.017171418466833413

Főkomponens 4 (PC4):
  clearance_count: 0.7355225220092897
  successfull_pass_count: -0.3392297788532248
  pass_count: -0.30229487733678007
  interception_count: -0.22492091096211603
  ball_recovery_count: -0.206461365584592
  key_passes: -0.18465575374416762
  goal_count: 0.15466942811152165
  pressure_count: -0.1328388680615315
  duel_count: 0.12998417758576908
  tackle_count: -0.10583697548439032
  shot_count: 0.09287185966437213
  xG: 0.09194939184024555
  successful_tackles: 0.08521739451342136
  assists: 0.07910227006219668
  fouls_suffered_count: -0.07621872365523058
  on_target: 0.06698470997462654
  foul_committed_count: -0.059780795608032726
  won_duels: -0.056292360838922875
  successfull_dribbles: -0.05299543506527706
  dispossessed_count: 0.04450267554821697
  long_carries: 0.035882685974764274
  xA: 0.03326921467055897
  dribble_count: 0.02028194598724247
  block_count: 0.017133770078153723
  penalites_won: 0.006463408006495342

