Manchester City - PCA eredmények

Magyarázott variancia arányok:
[0.5431222  0.21781376 0.15021519 0.02790716]
Összegzett variancia arány: 0.9390583096858012

Főkomponens 1 (PC1):
  goal_count: 0.4486768556684933
  xG: 0.3720204231666915
  on_target: 0.3438427381762066
  shot_count: 0.2918219747990458
  assists: 0.2602488330628397
  dispossessed_count: 0.2592885085831559
  xA: 0.25438353479895426
  successfull_dribbles: 0.24616408617538732
  key_passes: 0.2447365378624467
  dribble_count: 0.23262009777328124
  long_carries: 0.14599364749668262
  fouls_suffered_count: 0.1248776851560453
  ball_recovery_count: 0.08496104938815675
  pressure_count: 0.08115851876255446
  successfull_pass_count: 0.07607893262123555
  pass_count: 0.07356217626059228
  successful_tackles: 0.05942555304390665
  foul_committed_count: 0.058464072736152055
  clearance_count: -0.053921054928521006
  duel_count: 0.053617533013528465
  won_duels: 0.05290720432391192
  block_count: 0.04741710035682946
  tackle_count: 0.03991384060518017
  penalites_won: 0.03649967443626453
  interception_count: 0.002908378050000931

Főkomponens 2 (PC2):
  goal_count: 0.4033414616094628
  assists: -0.37667285658574867
  key_passes: -0.29025479994961995
  xA: -0.2842027516389111
  xG: 0.26977768414916786
  successfull_pass_count: -0.22313957330454265
  clearance_count: -0.2146478434913771
  pass_count: -0.2104730942396484
  on_target: 0.19132273498525817
  tackle_count: -0.1912157921837864
  won_duels: -0.18896158646136038
  interception_count: -0.18877456783069826
  successful_tackles: -0.18374867659093125
  block_count: -0.14990175517038812
  pressure_count: -0.14617463853921575
  long_carries: -0.14467480138639618
  duel_count: -0.13656574507638747
  ball_recovery_count: -0.12834311429974077
  foul_committed_count: -0.11504000317292828
  penalites_won: -0.09552659744493142
  shot_count: 0.09077087673628327
  fouls_suffered_count: -0.07335170718902083
  dispossessed_count: 0.03821983674377153
  successfull_dribbles: -0.03530088666720305
  dribble_count: -0.024894513327518977

Főkomponens 3 (PC3):
  assists: 0.46048726802256224
  clearance_count: -0.40423687785934237
  interception_count: -0.31488577049936173
  xA: 0.3074207691850984
  won_duels: -0.26468449543500605
  successful_tackles: -0.24854204567113863
  tackle_count: -0.24315776831205207
  key_passes: 0.23994822001847543
  duel_count: -0.16667189038331978
  foul_committed_count: -0.16581226541947386
  goal_count: -0.15471104952731968
  successfull_pass_count: -0.1301823968346371
  penalites_won: -0.12352556306500186
  block_count: -0.10879542525893712
  pass_count: -0.0982401457025664
  pressure_count: -0.09784482204876262
  xG: -0.09776374629552094
  shot_count: -0.09141902812836199
  ball_recovery_count: -0.08269324352693616
  on_target: -0.0782888823498723
  fouls_suffered_count: -0.07451814591765062
  long_carries: -0.042420216664275125
  dispossessed_count: -0.03649182101318729
  dribble_count: 0.01581556935488167
  successfull_dribbles: 0.007674938798118163

Főkomponens 4 (PC4):
  clearance_count: 0.741492514171226
  successful_tackles: -0.31036801148347687
  won_duels: -0.25519303170937047
  pressure_count: -0.18771971243008198
  tackle_count: -0.18752027655610864
  foul_committed_count: -0.17741088629954865
  successfull_dribbles: -0.1736050504429983
  dispossessed_count: -0.16335907831220167
  on_target: 0.1559848831735207
  xA: 0.14320425584365618
  fouls_suffered_count: -0.12883667200237814
  assists: 0.12013224917006046
  goal_count: 0.11994348679663218
  dribble_count: -0.1102425052791857
  shot_count: 0.07799649023386729
  pass_count: 0.07117436776036265
  key_passes: 0.06640213468146654
  ball_recovery_count: -0.053236358678377595
  interception_count: 0.05083747011805369
  successfull_pass_count: 0.048832721217607476
  penalites_won: 0.0430616573209736
  duel_count: -0.03589508592742612
  xG: 0.030654593416830366
  long_carries: 0.01309220999194428
  block_count: 0.0031945563891884647

