Newcastle United - PCA eredmények

Magyarázott variancia arányok:
[0.63873642 0.18479478 0.08147588 0.03596923]
Összegzett variancia arány: 0.9409763147241748

Főkomponens 1 (PC1):
  successfull_dribbles: 0.33356705136937853
  dribble_count: 0.30878051824203995
  dispossessed_count: 0.2736563679901393
  assists: 0.2619315793171787
  goal_count: 0.23583289639794988
  on_target: 0.23511074692996078
  xA: 0.23409537444462963
  xG: 0.22953982839855472
  key_passes: 0.22569342043113355
  shot_count: 0.20110011854997634
  successful_tackles: 0.1858852204863877
  long_carries: 0.1802666281765594
  duel_count: 0.1786416661242823
  fouls_suffered_count: 0.16477237858805302
  pressure_count: 0.1646497192716264
  ball_recovery_count: 0.1591663555884953
  won_duels: 0.1589345459246394
  tackle_count: 0.1572596043221649
  block_count: 0.15234385646801923
  foul_committed_count: 0.14840266217758802
  interception_count: 0.12330524738671061
  successfull_pass_count: 0.12304803397298694
  pass_count: 0.12247783889974705
  clearance_count: 0.10858345334840498
  penalites_won: 0.09599429095902969

Főkomponens 2 (PC2):
  clearance_count: 0.5913537543300869
  interception_count: 0.29403765658924585
  tackle_count: 0.28408180878266204
  won_duels: 0.2660832369256929
  goal_count: -0.24665871988412966
  xG: -0.23422023880248244
  on_target: -0.22935164262664126
  successful_tackles: 0.20180223347396803
  block_count: 0.19707431767104927
  dispossessed_count: -0.15570513491922805
  shot_count: -0.14770598412808958
  successfull_pass_count: 0.14319576015434654
  pass_count: 0.13544841928060067
  pressure_count: 0.10747580580931414
  duel_count: 0.09792743949214594
  assists: -0.09455591994180348
  dribble_count: -0.09435761423301582
  foul_committed_count: 0.08748276127209483
  key_passes: -0.0794073380995669
  xA: -0.07756236264754068
  successfull_dribbles: -0.07365702300155257
  ball_recovery_count: 0.07255020000782125
  fouls_suffered_count: -0.06749559020718199
  long_carries: 0.06369349438859309
  penalites_won: 0.036083769090108346

Főkomponens 3 (PC3):
  xG: 0.44311774506056545
  goal_count: 0.3649397987676003
  dribble_count: -0.3239244895977207
  successfull_dribbles: -0.29905758206785493
  clearance_count: 0.2942033981149479
  on_target: 0.24619321567221264
  duel_count: 0.24010590276295263
  assists: -0.21508327711939237
  shot_count: 0.2084400168923013
  penalites_won: 0.20421851133601054
  xA: -0.19617955324116643
  long_carries: -0.17559117534688684
  key_passes: -0.17399590094450818
  fouls_suffered_count: 0.12617461501736896
  ball_recovery_count: -0.0942902002025221
  block_count: 0.07391046504592814
  successful_tackles: -0.06412143164606401
  foul_committed_count: 0.0382844046382977
  dispossessed_count: -0.03701274003503846
  pass_count: -0.03482217474100701
  interception_count: 0.026520652206600045
  successfull_pass_count: -0.022645115036927267
  won_duels: -0.02037415707914446
  tackle_count: -0.014387839290894253
  pressure_count: -0.0027436929830179932

Főkomponens 4 (PC4):
  clearance_count: 0.5412721341901482
  foul_committed_count: -0.37347593381013644
  successfull_dribbles: 0.3258445032859901
  penalites_won: -0.29493173013465046
  won_duels: -0.23655947541464023
  dribble_count: 0.22711308006577574
  goal_count: 0.2193552358539233
  pressure_count: -0.20751172804790935
  tackle_count: -0.200761078194446
  assists: -0.1803017371238685
  duel_count: -0.17334929653130815
  long_carries: 0.14045861174259366
  fouls_suffered_count: -0.13638364068863526
  on_target: 0.12098170533040213
  successful_tackles: -0.10491140207828589
  dispossessed_count: -0.04336789662776379
  block_count: -0.041452097588348114
  pass_count: -0.040080908621714005
  successfull_pass_count: -0.038354118624428904
  shot_count: -0.02523306403382825
  ball_recovery_count: -0.023895898780837185
  interception_count: 0.023445875164113623
  key_passes: -0.01703911907422806
  xG: 0.0098995390077743
  xA: -0.0020330050966937446

