Norwich City - PCA eredmények

Magyarázott variancia arányok:
[0.59768789 0.19630815 0.07603608 0.04317531]
Összegzett variancia arány: 0.9132074326801518

Főkomponens 1 (PC1):
  successfull_dribbles: 0.285293121402004
  key_passes: 0.2769627277643074
  xA: 0.262528765957902
  dribble_count: 0.2588875333363305
  assists: 0.24031203256992614
  successful_tackles: 0.2296085020726918
  dispossessed_count: 0.22524063438553263
  shot_count: 0.22100428647192
  goal_count: 0.2171180780244391
  on_target: 0.20973618950189152
  long_carries: 0.20773329572646385
  won_duels: 0.19795495204221533
  duel_count: 0.19642260816926949
  tackle_count: 0.1921010399637484
  pressure_count: 0.18496145578022247
  block_count: 0.17481593160923012
  xG: 0.16813267426255168
  ball_recovery_count: 0.15762147396503173
  foul_committed_count: 0.15186463075964518
  pass_count: 0.14629509404407556
  fouls_suffered_count: 0.14254535974016244
  interception_count: 0.14133060400309636
  successfull_pass_count: 0.13814406880973198
  clearance_count: 0.1337435702778715
  penalites_won: 0.0856825128905438

Főkomponens 2 (PC2):
  clearance_count: 0.7721846743176951
  assists: -0.262898525404609
  interception_count: 0.21987183829699128
  dispossessed_count: -0.18482000959462908
  block_count: 0.15224660857345101
  key_passes: -0.14847106640826488
  tackle_count: 0.1428793007387495
  xA: -0.1407897562655519
  dribble_count: -0.12491869062408925
  xG: -0.12225757598284816
  successfull_dribbles: -0.1183750045319834
  foul_committed_count: 0.11781428976129425
  won_duels: 0.11717124119312845
  penalites_won: 0.11715051834270157
  pass_count: 0.11596880046488581
  successfull_pass_count: 0.11550048971150102
  goal_count: -0.11172983894192991
  successful_tackles: 0.1113363423472477
  on_target: -0.09865529997232796
  ball_recovery_count: 0.07240559280591191
  fouls_suffered_count: -0.06974178156315075
  duel_count: 0.055444275126739
  shot_count: -0.053423347088230586
  long_carries: 0.04699782784776467
  pressure_count: 0.03334176811525573

Főkomponens 3 (PC3):
  xG: 0.48949486217939575
  goal_count: 0.3735468915379493
  clearance_count: 0.2954346835935657
  successful_tackles: -0.25435631697661854
  won_duels: -0.24407607657821914
  duel_count: 0.2435444646638867
  on_target: 0.22338323406924382
  tackle_count: -0.22303652698311172
  shot_count: 0.19978113247131904
  penalites_won: 0.18912673363492805
  fouls_suffered_count: 0.15690770001611207
  ball_recovery_count: -0.15397010631749514
  pressure_count: -0.13553427464168777
  interception_count: -0.1323586512466933
  assists: -0.10919045115642148
  key_passes: -0.1079299151096028
  long_carries: -0.10377465695861961
  dispossessed_count: 0.09992511513792367
  xA: -0.09991540968363245
  pass_count: -0.09976940936813912
  successfull_pass_count: -0.09521479972905232
  successfull_dribbles: -0.09165840515414307
  block_count: -0.08198452606449995
  dribble_count: -0.0426440407511727
  foul_committed_count: -0.013415161837503898

Főkomponens 4 (PC4):
  assists: 0.6660192745010518
  successful_tackles: -0.32719293239311675
  clearance_count: 0.32635771725452045
  won_duels: -0.25175642097820433
  duel_count: -0.21810942940444047
  tackle_count: -0.17089415760809606
  foul_committed_count: -0.15907921827558053
  shot_count: -0.15601084365011206
  successfull_dribbles: -0.1475204148621753
  key_passes: 0.146965611157408
  xA: 0.14668252558049535
  on_target: -0.13604572582411736
  long_carries: 0.13529030474258116
  fouls_suffered_count: 0.12012654076651463
  xG: -0.09655531886821495
  dribble_count: -0.09329946114389032
  successfull_pass_count: 0.07849076392666039
  pass_count: 0.06316023149653324
  ball_recovery_count: 0.05708128504319688
  block_count: 0.05562116834961606
  dispossessed_count: 0.033657403407303645
  penalites_won: -0.023140394849891464
  goal_count: -0.021625610366714728
  interception_count: 0.016276627891110805
  pressure_count: 0.0007099288824174469

