Southampton - PCA eredmények

Magyarázott variancia arányok:
[0.61408888 0.2135677  0.06512997 0.05508504]
Összegzett variancia arány: 0.9478715979718826

Főkomponens 1 (PC1):
  assists: 0.36074159545079937
  goal_count: 0.334540768820306
  xG: 0.31308503204367166
  xA: 0.27364096744168603
  on_target: 0.26066422470525036
  key_passes: 0.2599117952976908
  shot_count: 0.25633540007033573
  dispossessed_count: 0.22383478851396968
  successfull_dribbles: 0.2175860845810896
  dribble_count: 0.21674766447916044
  fouls_suffered_count: 0.1759288391164075
  long_carries: 0.14946219348696238
  duel_count: 0.14777972926069577
  foul_committed_count: 0.14634282226468545
  ball_recovery_count: 0.13521732269891246
  pressure_count: 0.13021825431737888
  penalites_won: 0.12912139044375973
  successful_tackles: 0.12901066696962832
  block_count: 0.1225557737635331
  won_duels: 0.1180055675238946
  tackle_count: 0.11356549987514697
  pass_count: 0.10343116289647007
  successfull_pass_count: 0.10020654626951994
  interception_count: 0.08055828670575582
  clearance_count: 0.0723902520996478

Főkomponens 2 (PC2):
  clearance_count: 0.5861012870662218
  interception_count: 0.3350875980309161
  assists: -0.2760790695283138
  won_duels: 0.2557273306360695
  tackle_count: 0.2504693036505081
  successful_tackles: 0.23871431653086703
  successfull_pass_count: 0.1990213447019692
  goal_count: -0.1729336886736398
  pass_count: 0.1724679095624367
  block_count: 0.1718329852191725
  duel_count: 0.1642878079825704
  long_carries: 0.15290093868756813
  ball_recovery_count: 0.12782005731248403
  xG: -0.11905480611355704
  pressure_count: 0.11904607687212075
  on_target: -0.11901645595581721
  xA: -0.11131880886430978
  foul_committed_count: 0.09769287382462422
  key_passes: -0.09760889772402591
  shot_count: -0.069423254958613
  dispossessed_count: -0.06653064502024156
  penalites_won: 0.059599854880489904
  dribble_count: -0.021680863803278553
  fouls_suffered_count: -0.010079993437249673
  successfull_dribbles: 0.005261093904876524

Főkomponens 3 (PC3):
  clearance_count: 0.45756217411514005
  goal_count: 0.3959991144688185
  xG: 0.29671011354212384
  on_target: 0.2904389148419333
  key_passes: -0.24045772223807602
  successful_tackles: -0.23045858512457412
  successfull_dribbles: -0.22920780866945045
  shot_count: 0.2256407438207642
  tackle_count: -0.20067865558463013
  xA: -0.1855898282773571
  won_duels: -0.18070957596316312
  dribble_count: -0.16943068481139287
  pressure_count: -0.16813858788566896
  ball_recovery_count: -0.13929138631278404
  assists: -0.13880515325017248
  block_count: -0.10324878881115385
  penalites_won: 0.0965059879372155
  interception_count: 0.0730902003273476
  long_carries: -0.07041438208243285
  pass_count: -0.06337170603614993
  dispossessed_count: -0.05575359419926318
  successfull_pass_count: -0.05537296245313338
  duel_count: 0.053261886544774664
  foul_committed_count: -0.022019148612849943
  fouls_suffered_count: -0.015644451747198144

Főkomponens 4 (PC4):
  assists: 0.49233975179882733
  clearance_count: 0.37429445151087054
  xA: 0.37039934139655134
  key_passes: 0.3086690515991364
  dribble_count: -0.254667848314849
  successful_tackles: -0.2440814534982332
  successfull_dribbles: -0.23448673173091064
  xG: -0.18717204343839752
  fouls_suffered_count: -0.18054763176125024
  on_target: -0.17722411180898257
  won_duels: -0.12616659495301372
  shot_count: -0.12516619950544242
  foul_committed_count: -0.10987449091373497
  pass_count: 0.10637837104282444
  tackle_count: -0.0962128620295716
  duel_count: -0.09212491792516089
  interception_count: 0.09110997905590679
  successfull_pass_count: 0.08361102620300068
  goal_count: -0.08232137577072833
  pressure_count: -0.07122042759172861
  ball_recovery_count: -0.0538426611574683
  block_count: 0.044930505818940716
  dispossessed_count: -0.03391364325649578
  long_carries: -0.021950785213621527
  penalites_won: -0.013048548796147849

