Stoke City - PCA eredmények

Magyarázott variancia arányok:
[0.54162107 0.29964426 0.05204425 0.02974078]
Összegzett variancia arány: 0.9230503592747035

Főkomponens 1 (PC1):
  successfull_dribbles: 0.32325662502983105
  dribble_count: 0.32034620245881434
  goal_count: 0.26959796387830826
  xG: 0.2631361067239293
  xA: 0.25507699833328135
  assists: 0.24470858153852018
  key_passes: 0.24116404124546398
  long_carries: 0.2229454669160818
  successful_tackles: 0.20846654443500046
  shot_count: 0.20738752260180343
  on_target: 0.19455263076346424
  dispossessed_count: 0.18816840655935127
  interception_count: 0.16506146831076624
  won_duels: 0.15743075909070997
  ball_recovery_count: 0.15443049343026896
  tackle_count: 0.15416250689128735
  pressure_count: 0.15285209950160408
  successfull_pass_count: 0.1506892489096481
  fouls_suffered_count: 0.1437929996995313
  pass_count: 0.14327094744127292
  block_count: 0.1415347054692648
  foul_committed_count: 0.14103908741212057
  duel_count: 0.11538803989297146
  penalites_won: 0.1010922844014502
  clearance_count: 0.08969811111035628

Főkomponens 2 (PC2):
  clearance_count: 0.455143088574199
  interception_count: 0.3526305342735645
  tackle_count: 0.28029480625306874
  goal_count: -0.27927277603141604
  won_duels: 0.2533963413454584
  xG: -0.2341536939252509
  block_count: 0.22032341139889447
  successful_tackles: 0.2169255810725396
  on_target: -0.19261848324107067
  successfull_pass_count: 0.17437473912502788
  duel_count: 0.1682854449173805
  dribble_count: -0.1657542165607342
  pass_count: 0.16109846601246774
  penalites_won: 0.15763651645012916
  shot_count: -0.15492410600152193
  assists: -0.1528044281415069
  successfull_dribbles: -0.14131259186043668
  pressure_count: 0.11768539739473491
  ball_recovery_count: 0.11351523327653147
  foul_committed_count: 0.09250666493036226
  key_passes: -0.08775131018827168
  xA: -0.0835053886194018
  dispossessed_count: -0.07180160961518792
  fouls_suffered_count: 0.021948833316129124
  long_carries: 0.016514977449182823

Főkomponens 3 (PC3):
  xG: 0.43530992042860805
  goal_count: 0.43123429121786017
  duel_count: 0.2760389804466052
  successfull_dribbles: -0.2676836405560034
  on_target: 0.2641734619728521
  clearance_count: 0.24630149971247445
  dribble_count: -0.23512995408240184
  ball_recovery_count: -0.22660291346576286
  long_carries: -0.21770396520206375
  penalites_won: 0.1836294305840231
  successfull_pass_count: -0.17979049334249655
  pass_count: -0.16869560145925508
  key_passes: -0.1584915799124594
  assists: -0.14783179317230788
  xA: -0.1218030665257335
  dispossessed_count: -0.11554963380990631
  shot_count: 0.10298796648467866
  foul_committed_count: 0.05217752691023261
  interception_count: 0.046232776243531545
  successful_tackles: 0.043641659124979464
  pressure_count: 0.03875471134208646
  tackle_count: 0.03716219712751128
  fouls_suffered_count: 0.03351371179889605
  won_duels: 0.026068850464957372
  block_count: 0.022073969484393507

Főkomponens 4 (PC4):
  assists: 0.5027014916343756
  xA: 0.4782483598425446
  ball_recovery_count: -0.3181772389769394
  successful_tackles: 0.24618950558237418
  long_carries: -0.23415995172826576
  successfull_pass_count: -0.21917389373603224
  fouls_suffered_count: -0.20909725672675075
  pass_count: -0.19442329248247117
  on_target: -0.15331841693635734
  goal_count: -0.14494124657104934
  tackle_count: 0.13766544193678834
  key_passes: 0.12727495662111415
  pressure_count: -0.12268285895684261
  dispossessed_count: -0.11880897872379921
  successfull_dribbles: -0.11611891588506253
  penalites_won: -0.11314144679975208
  won_duels: 0.11204002271463843
  shot_count: -0.1035920727325461
  clearance_count: 0.07035483571630324
  interception_count: 0.0575388314506258
  dribble_count: -0.04413029094585069
  block_count: -0.03759351434816371
  xG: 0.033207440685006806
  foul_committed_count: 0.028717626763024463
  duel_count: -0.01959841171884936

