Sunderland - PCA eredmények

Magyarázott variancia arányok:
[0.51243991 0.27256927 0.09219282 0.03914787]
Összegzett variancia arány: 0.9163498749121213

Főkomponens 1 (PC1):
  successful_tackles: 0.28899111993221205
  goal_count: 0.27550931605462764
  shot_count: 0.2490476360752547
  won_duels: 0.24670167942878793
  xG: 0.2401512552048369
  on_target: 0.23596478273213684
  tackle_count: 0.22742709217474627
  key_passes: 0.21754625508524172
  interception_count: 0.2115770595102961
  successfull_dribbles: 0.20851231548728433
  dribble_count: 0.1945911573244335
  assists: 0.19366982541750724
  block_count: 0.19260472033889406
  pressure_count: 0.19244792735257774
  xA: 0.19063550549221142
  dispossessed_count: 0.19048742018631798
  duel_count: 0.17937577168375313
  ball_recovery_count: 0.1644628292311681
  long_carries: 0.16257750354349113
  fouls_suffered_count: 0.16238343424716495
  clearance_count: 0.15422688310554272
  successfull_pass_count: 0.13209260186970218
  pass_count: 0.13206095208578722
  penalites_won: 0.11304623678434755
  foul_committed_count: 0.10694533522748552

Főkomponens 2 (PC2):
  goal_count: 0.4828297074354336
  xG: 0.4002835261540964
  on_target: 0.35984535466329615
  clearance_count: -0.35602110735309644
  interception_count: -0.25191324326899744
  successful_tackles: -0.23958937172038774
  shot_count: 0.23234631669963327
  won_duels: -0.22385042914885028
  tackle_count: -0.20459557091196598
  block_count: -0.13994179359427003
  pass_count: -0.1093893967589083
  successfull_pass_count: -0.10868607249120922
  dispossessed_count: 0.10450904639669754
  ball_recovery_count: -0.09353929472304119
  pressure_count: -0.0736333248142645
  duel_count: -0.0559184115128579
  long_carries: -0.054095426741109835
  dribble_count: 0.05044558961656073
  foul_committed_count: -0.04302352582002301
  fouls_suffered_count: 0.04228666931992565
  key_passes: -0.03683819011516125
  xA: -0.023463310338487583
  assists: -0.021993750001291917
  penalites_won: -0.021507600224593377
  successfull_dribbles: -0.006731870390536985

Főkomponens 3 (PC3):
  clearance_count: 0.6363704368811106
  assists: -0.33819436734710806
  xA: -0.3154350050643529
  key_passes: -0.2631392177065744
  xG: 0.24093064736487907
  on_target: 0.19535457943835297
  dribble_count: -0.18226422085408306
  successfull_dribbles: -0.17615856053953535
  dispossessed_count: -0.16628066613043802
  goal_count: 0.16024648336550334
  interception_count: 0.1542210741006355
  duel_count: 0.1409754476813868
  successful_tackles: -0.12060404151386157
  penalites_won: 0.11225517626948663
  block_count: 0.1014538067586843
  long_carries: -0.07214442546905694
  ball_recovery_count: -0.05861773157440467
  fouls_suffered_count: -0.05011157084210072
  shot_count: 0.04697288830119422
  foul_committed_count: 0.03894719230926668
  tackle_count: 0.027290926216876222
  pass_count: -0.02639669153069789
  successfull_pass_count: -0.024421665200329287
  won_duels: -0.008061158279182423
  pressure_count: 0.006963123003154574

Főkomponens 4 (PC4):
  assists: 0.6376691885870568
  clearance_count: 0.48180866458935845
  won_duels: -0.27575882006292124
  foul_committed_count: -0.25692276211609805
  tackle_count: -0.22373642780723835
  xA: 0.1917390050509529
  pressure_count: -0.18867168892544187
  duel_count: -0.14581922646896572
  successful_tackles: -0.14160316221559968
  long_carries: 0.103116734642536
  fouls_suffered_count: -0.10170478432233612
  goal_count: 0.07559967073834373
  dribble_count: 0.071403503179113
  penalites_won: -0.07001742586003326
  interception_count: 0.06487439564092098
  ball_recovery_count: -0.062099483047511485
  successfull_dribbles: 0.058680512640126525
  dispossessed_count: -0.044369905936460556
  xG: -0.0409161688245531
  successfull_pass_count: -0.03847205832120593
  pass_count: -0.03504235879955362
  block_count: -0.026237611171924295
  key_passes: 0.010233976123404055
  on_target: 0.008805853785290956
  shot_count: 0.005430755608011484

