Swansea City - PCA eredmények

Magyarázott variancia arányok:
[0.54263923 0.27514384 0.07195731 0.03693262]
Összegzett variancia arány: 0.9266729865359868

Főkomponens 1 (PC1):
  goal_count: 0.3084580625545162
  on_target: 0.2475040996501412
  shot_count: 0.24334106241270897
  xG: 0.23262930502854018
  clearance_count: 0.2298296575347717
  successful_tackles: 0.2177333096758683
  block_count: 0.21225482451178848
  dispossessed_count: 0.20502413111645149
  won_duels: 0.2004029574503402
  key_passes: 0.19948421207675157
  pressure_count: 0.1968453137511403
  duel_count: 0.1942873980779587
  xA: 0.19323644026866313
  fouls_suffered_count: 0.1868520887546151
  interception_count: 0.18568992136800633
  dribble_count: 0.18563992113631095
  successfull_dribbles: 0.18465744845839885
  successfull_pass_count: 0.18413937745112868
  tackle_count: 0.18235089289194686
  penalites_won: 0.18210528630367318
  pass_count: 0.17426571178936717
  long_carries: 0.16809170245240942
  foul_committed_count: 0.14903561309757127
  ball_recovery_count: 0.1334514818976242
  assists: 0.11061442432236691

Főkomponens 2 (PC2):
  clearance_count: 0.6028617858934057
  goal_count: -0.3109352570175391
  interception_count: 0.27174466228575234
  on_target: -0.25606659701189105
  xG: -0.2364823814583378
  shot_count: -0.2192084925016875
  successfull_pass_count: 0.1882532969865826
  dispossessed_count: -0.17345649067717922
  xA: -0.1667646113461771
  pass_count: 0.16231424716960088
  dribble_count: -0.15740708006806112
  won_duels: 0.1542816642939104
  tackle_count: 0.14312583829153552
  successfull_dribbles: -0.13848312261504211
  block_count: 0.13275907059198208
  penalites_won: 0.11424999589682099
  key_passes: -0.11217362085888752
  long_carries: 0.10563068767939662
  successful_tackles: 0.10497565601877695
  duel_count: 0.09363678752012909
  ball_recovery_count: 0.07147601349646969
  fouls_suffered_count: -0.05956782852836797
  foul_committed_count: 0.05107489206856578
  assists: -0.05036548546370819
  pressure_count: -0.023477094230004256

Főkomponens 3 (PC3):
  clearance_count: 0.4481628996582712
  goal_count: 0.42103876289562786
  xG: 0.3295772979999829
  dribble_count: -0.30140163332556413
  successfull_dribbles: -0.2999444819550388
  on_target: 0.24707319139776412
  shot_count: 0.21751761453078391
  fouls_suffered_count: -0.2130122914924432
  dispossessed_count: -0.18094849367847068
  long_carries: -0.15798886421806926
  assists: -0.14869559871684557
  successful_tackles: -0.1430848093204782
  ball_recovery_count: -0.14159962187792655
  key_passes: -0.11238237829674072
  tackle_count: -0.10102830050534779
  pressure_count: -0.08981227923783948
  won_duels: -0.07478630067776773
  penalites_won: -0.06936395238671483
  xA: -0.06878120893348537
  pass_count: -0.06645610576111864
  successfull_pass_count: -0.06287417564291527
  interception_count: -0.0519855996689732
  duel_count: -0.025436318901740695
  foul_committed_count: -0.02366461994151921
  block_count: -0.00763104338609596

Főkomponens 4 (PC4):
  key_passes: 0.46370246536884474
  xA: 0.439090158568474
  successful_tackles: -0.38837717045130155
  assists: 0.34027103936879793
  fouls_suffered_count: -0.24066182814494075
  goal_count: -0.19633926883833436
  penalites_won: -0.18933540675980168
  duel_count: -0.17673659203761444
  dispossessed_count: -0.17516346657884543
  pass_count: 0.1646166565227004
  successfull_pass_count: 0.13488297687850034
  won_duels: -0.13035609428624043
  clearance_count: 0.11589620590009886
  shot_count: 0.10542745868992709
  xG: -0.10450915564337271
  ball_recovery_count: 0.09954625249037305
  on_target: 0.06952059822428616
  tackle_count: -0.06768207467810587
  long_carries: 0.06613132168968372
  dribble_count: -0.055651740025066905
  successfull_dribbles: -0.05522943797041559
  block_count: 0.037070942409024345
  pressure_count: 0.036017171991733335
  foul_committed_count: -0.02322127463300603
  interception_count: 0.022731910006307622

