Tottenham Hotspur - PCA eredmények

Magyarázott variancia arányok:
[0.63185932 0.17561734 0.10176482 0.05236035]
Összegzett variancia arány: 0.9616018270627793

Főkomponens 1 (PC1):
  on_target: 0.37755869400687403
  goal_count: 0.37651673494776355
  xG: 0.332272414544435
  shot_count: 0.3030767196960177
  assists: 0.2644842070514827
  key_passes: 0.2601254069309158
  xA: 0.2505961838678683
  dispossessed_count: 0.23605427764358985
  dribble_count: 0.2008751827206501
  successfull_dribbles: 0.18799886719621775
  duel_count: 0.1416181420742724
  fouls_suffered_count: 0.13494419757906106
  successful_tackles: 0.13296406852575166
  pressure_count: 0.1316920699988898
  long_carries: 0.12734217849286564
  ball_recovery_count: 0.11794761113271153
  block_count: 0.11675991387704975
  foul_committed_count: 0.11130000699247511
  won_duels: 0.1100509788143129
  tackle_count: 0.10400189214242261
  penalites_won: 0.08852009273241156
  pass_count: 0.08616166715560142
  successfull_pass_count: 0.08417931876595246
  interception_count: 0.07437161611544836
  clearance_count: 0.03676759080670575

Főkomponens 2 (PC2):
  goal_count: 0.4118509776727165
  xG: 0.37054547881327093
  assists: -0.32386604129686763
  on_target: 0.30005154770660736
  won_duels: -0.24110355272882
  successful_tackles: -0.22615654290572107
  tackle_count: -0.21561144247744105
  xA: -0.21369414970832656
  clearance_count: -0.20193967707828006
  key_passes: -0.19929540042724522
  interception_count: -0.19713968231339843
  successfull_pass_count: -0.1801454404869897
  pass_count: -0.16799372538667665
  shot_count: 0.1584703025441156
  long_carries: -0.14115256571102108
  block_count: -0.11859619713259702
  pressure_count: -0.11616124037652097
  ball_recovery_count: -0.11169328642234375
  foul_committed_count: -0.1098840440355993
  penalites_won: -0.09343027930940175
  dribble_count: -0.057071740385808756
  successfull_dribbles: -0.0565240846850863
  fouls_suffered_count: -0.05619583038934181
  duel_count: -0.03291593357588843
  dispossessed_count: -0.010899558299865036

Főkomponens 3 (PC3):
  clearance_count: 0.4847825832177739
  assists: -0.466081516428465
  xA: -0.3625086312359448
  key_passes: -0.3048472197307052
  interception_count: 0.20585829624393642
  duel_count: 0.19885043901028485
  successfull_pass_count: 0.18974539140640204
  long_carries: 0.16856731158922642
  won_duels: 0.16501055274099977
  pass_count: 0.1645904809583082
  tackle_count: 0.15136018426049735
  goal_count: 0.14782287897284757
  block_count: 0.12597156071588134
  penalites_won: 0.1205267161436165
  successful_tackles: 0.10321116694200616
  xG: 0.09456166847622839
  foul_committed_count: 0.08102698579047735
  ball_recovery_count: 0.07588798066786825
  fouls_suffered_count: 0.07426078826976001
  successfull_dribbles: 0.06734488781387364
  dispossessed_count: -0.059942743023073695
  pressure_count: 0.0375202961730758
  dribble_count: -0.019958017033402647
  shot_count: -0.01243459578581607
  on_target: -0.00859918124570558

Főkomponens 4 (PC4):
  clearance_count: 0.5098607585798658
  successfull_dribbles: -0.3967497423200104
  successful_tackles: -0.2993066003674125
  dribble_count: -0.28364381299069347
  assists: 0.2716342073628178
  won_duels: -0.2329010739318919
  foul_committed_count: -0.18927121399989946
  dispossessed_count: -0.1862207445471837
  fouls_suffered_count: -0.1740167097766005
  pass_count: 0.17308217879773752
  tackle_count: -0.16513058935369324
  successfull_pass_count: 0.16378623388089633
  on_target: 0.1622021740177163
  shot_count: 0.14894597832933243
  xA: 0.1164981363075211
  key_passes: 0.10152092392646755
  pressure_count: -0.08787324881840962
  long_carries: 0.07365768277522532
  block_count: 0.07310153423345203
  interception_count: 0.06737386894824106
  duel_count: -0.0384582259833624
  ball_recovery_count: 0.03817752699327863
  xG: 0.02516320768460155
  penalites_won: -0.024408666226971486
  goal_count: 0.01271847094943759

