Watford - PCA eredmények

Magyarázott variancia arányok:
[0.61352034 0.19320417 0.07699239 0.04844825]
Összegzett variancia arány: 0.9321651507814606

Főkomponens 1 (PC1):
  xG: 0.4046738649061052
  goal_count: 0.3639317915422139
  on_target: 0.3365718002901249
  shot_count: 0.2999523856951009
  dispossessed_count: 0.2623037146724024
  duel_count: 0.23072021707191442
  xA: 0.22970105466069146
  key_passes: 0.202230188448039
  successfull_dribbles: 0.18954224553329993
  dribble_count: 0.18189771274703387
  penalites_won: 0.1782723177475039
  assists: 0.16608991778495233
  fouls_suffered_count: 0.1524704285410857
  successful_tackles: 0.15208210179586817
  pressure_count: 0.14428575293172932
  foul_committed_count: 0.13831285594219478
  won_duels: 0.11101541009890899
  block_count: 0.11038229783632801
  ball_recovery_count: 0.10391189424279658
  tackle_count: 0.10041218584049617
  long_carries: 0.08389616264297597
  pass_count: 0.08214120046185737
  successfull_pass_count: 0.07730450983342795
  interception_count: 0.0597224442937811
  clearance_count: 0.037730860208907493

Főkomponens 2 (PC2):
  successful_tackles: 0.3686484778200359
  won_duels: 0.33786176456061223
  tackle_count: 0.33562966433652025
  clearance_count: 0.33163694198224597
  goal_count: -0.2969228153380505
  xG: -0.26959838978954664
  interception_count: 0.2518459424522281
  block_count: 0.2332981551432343
  on_target: -0.21428000777672512
  successfull_pass_count: 0.17766478884009598
  pass_count: 0.17710847406048325
  pressure_count: 0.15927381496816226
  ball_recovery_count: 0.1571555668228576
  foul_committed_count: 0.15178498162439552
  shot_count: -0.11445942650357652
  long_carries: 0.11102840468341994
  assists: -0.10072706260808108
  duel_count: 0.10063897029376691
  fouls_suffered_count: 0.08576932916134022
  successfull_dribbles: 0.07530386296519946
  dribble_count: 0.06555377100928034
  key_passes: 0.042165334951774686
  dispossessed_count: -0.03339684902871647
  penalites_won: 0.020670265607053668
  xA: -0.017788864983681766

Főkomponens 3 (PC3):
  clearance_count: 0.7071976746621363
  successfull_dribbles: -0.33177780725325134
  dribble_count: -0.31604350414975885
  goal_count: 0.26493831934332096
  duel_count: 0.20253160909022452
  successful_tackles: -0.1751074796729172
  dispossessed_count: -0.17460847525241807
  fouls_suffered_count: -0.14194800647097378
  key_passes: -0.1313495591973174
  xG: 0.12951610603285776
  long_carries: -0.12702412487431192
  penalites_won: 0.12575738007101167
  block_count: 0.10453784568443991
  ball_recovery_count: -0.10242482261178157
  assists: 0.07240070740968739
  pressure_count: -0.04071402732207716
  tackle_count: 0.029828030212906347
  won_duels: -0.024758259524573976
  on_target: 0.021578283054633923
  xA: -0.021490230246526083
  pass_count: 0.017907540341719673
  interception_count: -0.013572636384233519
  shot_count: -0.010856050374975315
  successfull_pass_count: -0.006320223532208788
  foul_committed_count: 0.0034032054191125245

Főkomponens 4 (PC4):
  xA: 0.5404366036219996
  assists: 0.4370337794430694
  clearance_count: -0.2962603965768203
  key_passes: 0.2602266946756149
  duel_count: 0.2541742193705754
  successfull_dribbles: -0.2491099664846728
  dribble_count: -0.24199295177282515
  xG: -0.204670016047119
  on_target: -0.19951574574026004
  dispossessed_count: -0.14389324498569991
  interception_count: -0.1393515908459716
  fouls_suffered_count: -0.12912838494473744
  long_carries: -0.0905643964433031
  pressure_count: 0.0838478765749564
  block_count: 0.07629864228943681
  foul_committed_count: 0.06881929785415809
  shot_count: -0.054628272142697124
  won_duels: 0.04654127019641538
  penalites_won: -0.04613375281570514
  successful_tackles: 0.04490743042173867
  tackle_count: 0.0361565330641665
  pass_count: 0.03133315974784882
  goal_count: -0.01801209849154038
  ball_recovery_count: 0.0038414319416263405
  successfull_pass_count: 0.0035401606106673688

