West Bromwich Albion - PCA eredmények

Magyarázott variancia arányok:
[0.58974776 0.21189061 0.08366265 0.04455164]
Összegzett variancia arány: 0.9298526532872506

Főkomponens 1 (PC1):
  clearance_count: 0.32666460277964793
  block_count: 0.26886266259696395
  duel_count: 0.2642215329197977
  tackle_count: 0.24152529636292694
  pressure_count: 0.23216035672793173
  won_duels: 0.22497649509703915
  successful_tackles: 0.2160384283181339
  interception_count: 0.21446953424137308
  dispossessed_count: 0.20353474508776945
  penalites_won: 0.20185921614699914
  foul_committed_count: 0.19972119154362214
  ball_recovery_count: 0.1956868673705641
  shot_count: 0.18796294577829625
  fouls_suffered_count: 0.18791253916690032
  xG: 0.17852661175872309
  goal_count: 0.17690429473642555
  key_passes: 0.17538856904630215
  dribble_count: 0.1707971668765092
  successfull_dribbles: 0.16828975925113676
  pass_count: 0.15148538827788555
  xA: 0.14523145148557925
  successfull_pass_count: 0.1389401482647855
  on_target: 0.13796159000525593
  long_carries: 0.1371150809037125
  assists: 0.10989492798955403

Főkomponens 2 (PC2):
  clearance_count: 0.5615184392618541
  dispossessed_count: -0.32340692441076213
  xG: -0.2756265838665358
  goal_count: -0.25896438317457987
  shot_count: -0.252823026331707
  on_target: -0.23938694769229207
  dribble_count: -0.22047405622873775
  successfull_dribbles: -0.20727338216497204
  interception_count: 0.20593438063354924
  tackle_count: 0.19199885290452606
  key_passes: -0.17383953000329738
  won_duels: 0.16855004691160702
  block_count: 0.14884781976946776
  assists: -0.12763687194883144
  xA: -0.11747348288930767
  fouls_suffered_count: -0.09723797446377627
  long_carries: -0.07405736263430848
  penalites_won: 0.06747394797780865
  successful_tackles: 0.06420873899837418
  pass_count: 0.05627084226736014
  foul_committed_count: 0.055613072356028935
  successfull_pass_count: 0.05350250514691393
  duel_count: -0.029686843411367205
  ball_recovery_count: 0.022161885965373867
  pressure_count: 0.004204472320766299

Főkomponens 3 (PC3):
  clearance_count: 0.4643235610715239
  goal_count: 0.37631967103530883
  xG: 0.36139141847142664
  successfull_dribbles: -0.24016980264163215
  ball_recovery_count: -0.224171060951742
  won_duels: -0.2222833035076064
  dribble_count: -0.22175568219728867
  on_target: 0.2201695768341446
  successful_tackles: -0.21232740503634923
  shot_count: 0.20445890649308693
  tackle_count: -0.2000311279454809
  long_carries: -0.17112527494100588
  duel_count: 0.16180210203967257
  fouls_suffered_count: -0.14600932250663787
  assists: -0.13430657635915466
  interception_count: -0.09330755139640652
  pressure_count: -0.09244086654605928
  successfull_pass_count: -0.06886589272462104
  block_count: 0.06224587807233369
  key_passes: -0.056013201833575374
  pass_count: -0.04844231626922136
  xA: -0.046356163169933344
  foul_committed_count: -0.04014148038260115
  penalites_won: 0.018874516493212336
  dispossessed_count: 0.00046424121666758356

Főkomponens 4 (PC4):
  clearance_count: 0.4722842183318182
  successfull_dribbles: 0.37881529140676884
  dribble_count: 0.3078439557188436
  long_carries: 0.3029062219046941
  won_duels: -0.28874198810016133
  successful_tackles: -0.26621390319184185
  foul_committed_count: -0.21874258181637085
  tackle_count: -0.2157031367181754
  pressure_count: -0.19749517325114638
  duel_count: -0.1833213632723334
  ball_recovery_count: 0.14151651047571007
  xG: -0.13877668155681125
  penalites_won: -0.11553092618470542
  shot_count: -0.11216492168819303
  xA: 0.1035435937679959
  dispossessed_count: 0.10307918150247691
  key_passes: 0.09879689262933679
  goal_count: -0.09144691240821681
  pass_count: 0.08882483739975279
  successfull_pass_count: 0.08442508048588479
  interception_count: -0.0562602418257885
  block_count: -0.03782184640174768
  on_target: -0.02689931472342799
  fouls_suffered_count: 0.025021008993869085
  assists: 0.007107678752358445

