West Ham United - PCA eredmények

Magyarázott variancia arányok:
[0.61462381 0.18705933 0.09266766 0.0386645 ]
Összegzett variancia arány: 0.9330152914085453

Főkomponens 1 (PC1):
  assists: 0.37735892003689314
  key_passes: 0.3513891019741687
  xA: 0.33780289427458027
  goal_count: 0.3056259802222233
  successfull_dribbles: 0.28100146563727063
  on_target: 0.24689009471130913
  dribble_count: 0.2436065450540412
  shot_count: 0.2258769960559424
  dispossessed_count: 0.21972948318585506
  xG: 0.2003903524155992
  long_carries: 0.16315048473303997
  fouls_suffered_count: 0.15745054560397778
  ball_recovery_count: 0.1370104713458144
  successfull_pass_count: 0.12154035361546024
  pass_count: 0.12076509815900414
  interception_count: 0.11197294060207096
  block_count: 0.10953719327851132
  tackle_count: 0.10711426658636855
  pressure_count: 0.10617627383489961
  successful_tackles: 0.10409541458894273
  duel_count: 0.09935093896190955
  won_duels: 0.09386383713019832
  penalites_won: 0.0763564808122312
  foul_committed_count: 0.07447144974541992
  clearance_count: 0.0132730582770283

Főkomponens 2 (PC2):
  clearance_count: 0.5753451247523229
  interception_count: 0.29725007772976875
  tackle_count: 0.26813304690498146
  won_duels: 0.26059713753229147
  block_count: 0.25184792363850067
  penalites_won: 0.24156428511490832
  successful_tackles: 0.23018793270450313
  xA: -0.20224010238530019
  duel_count: 0.1838241904633854
  assists: -0.1666183548808619
  successfull_pass_count: 0.15802237735829303
  key_passes: -0.15106457748286922
  pressure_count: 0.1454303938020639
  pass_count: 0.13959206967123625
  foul_committed_count: 0.132055757706865
  ball_recovery_count: 0.11621821530296982
  fouls_suffered_count: 0.1016304309692873
  successfull_dribbles: -0.09939513890193374
  dribble_count: -0.09334154729953822
  goal_count: -0.06507814696597752
  long_carries: 0.0631828770784522
  dispossessed_count: -0.06221468760049429
  on_target: -0.05425492807585753
  shot_count: -0.01590290771814269
  xG: -0.002198988267959821

Főkomponens 3 (PC3):
  xG: 0.41718903359679255
  assists: -0.3785507684824068
  goal_count: 0.36887383227126774
  key_passes: -0.345000331883041
  xA: -0.3140051274503777
  on_target: 0.3001663983549864
  shot_count: 0.22655724485931092
  duel_count: 0.2075895426171252
  clearance_count: -0.17164405254792936
  dispossessed_count: 0.16464073243372737
  successfull_pass_count: -0.1574621240617366
  pass_count: -0.1565497364205644
  foul_committed_count: 0.09954196043753269
  dribble_count: 0.09482488406166889
  fouls_suffered_count: 0.06912456522602456
  ball_recovery_count: -0.059789879358622774
  long_carries: -0.05869660858557609
  interception_count: -0.04789375274508566
  successfull_dribbles: 0.045399602504950745
  penalites_won: 0.03589488303224232
  pressure_count: 0.030396541165108353
  block_count: -0.026466969075409765
  tackle_count: -0.021392237418732505
  won_duels: 0.010020094163759777
  successful_tackles: -0.0066230391381291685

Főkomponens 4 (PC4):
  clearance_count: 0.5831973379791172
  ball_recovery_count: -0.29298822081328824
  tackle_count: -0.28355182093793746
  won_duels: -0.23708647404794
  on_target: 0.2349067352186656
  xA: 0.22244066496520362
  long_carries: -0.2076954817487387
  penalites_won: 0.18928528604087408
  successfull_dribbles: -0.1767474607827617
  pressure_count: -0.17101544967693147
  successfull_pass_count: -0.16918811070565687
  assists: 0.1651434386564989
  xG: 0.14369140003545627
  dribble_count: -0.13711903121419075
  successful_tackles: -0.13610027849656503
  pass_count: -0.12983513400515131
  shot_count: 0.12405992713854332
  fouls_suffered_count: -0.1199581327957533
  goal_count: 0.1135975585320503
  dispossessed_count: -0.10026246564939953
  interception_count: -0.06720588980782644
  duel_count: 0.04819674350448181
  key_passes: 0.045891320722411234
  foul_committed_count: -0.0275948581167739
  block_count: -0.011946967518147745

